<?xml version="1.0" encoding="utf-8"?>
<COLLADA xmlns="http://www.collada.org/2005/11/COLLADASchema" version="1.4.1">
  <asset><contributor><author>Mixamo</author><authoring_tool>COLLADA Mixamo exporter</authoring_tool><comments></comments></contributor><created>2021-01-27T11:24:27Z</created><modified>2021-01-27T11:24:27Z</modified><revision></revision><title></title><unit meter="0.010000"/><up_axis>Y_UP</up_axis></asset>
  <library_animations>
    <animation id="mixamorig5_Hips-anim" name="mixamorig5_Hips"><source id="mixamorig5_Hips-Matrix-animation-input"><float_array id="mixamorig5_Hips-Matrix-animation-input-array" count="54">

0.000000 0.033333 0.066667 0.100000 0.133333 0.166667 0.200000 0.233333 0.266667 0.300000 0.333333 0.366667 0.400000 0.433333 0.466667 0.500000
0.533333 0.566667 0.600000 0.633333 0.666667 0.700000 0.733333 0.766667 0.800000 0.833333 0.866667 0.900000 0.933333 0.966667 1.000000 1.033333
1.066667 1.100000 1.133333 1.166667 1.200000 1.233333 1.266667 1.300000 1.333333 1.366667 1.400000 1.433333 1.466667 1.500000 1.533333 1.566667
1.600000 1.633333 1.666667 1.700000 1.733333 1.766667</float_array><technique_common><accessor source="#mixamorig5_Hips-Matrix-animation-input-array" count="54"><param name="TIME" type="float"/></accessor></technique_common></source><source id="mixamorig5_Hips-Matrix-animation-output-transform"><float_array id="mixamorig5_Hips-Matrix-animation-output-transform-array" count="864">

0.638558 -0.126196 -0.759156 -0.192549 0.039286 0.990523 -0.131612 89.944275 0.768570 0.054217 0.637464 0.367821 0.000000 0.000000 0.000000 1.000000
0.640180 -0.111703 -0.760060 -0.015874 0.034192 0.992535 -0.117070 89.794022 0.767463 0.048958 0.639221 0.652224 0.000000 0.000000 0.000000 1.000000
0.653225 -0.093996 -0.751306 0.128519 0.028276 0.994601 -0.099850 89.555786 0.756635 0.043980 0.652356 0.895973 0.000000 0.000000 0.000000 1.000000
0.696573 -0.071146 -0.713950 -0.074963 0.014881 0.996290 -0.084763 89.229477 0.717331 0.048419 0.695048 0.967063 0.000000 0.000000 0.000000 1.000000
0.783898 -0.022200 -0.620492 -0.989766 -0.019845 0.997954 -0.060777 89.036987 0.620572 0.059956 0.781854 1.022886 0.000000 0.000000 0.000000 1.000000
0.880081 0.066341 -0.470167 -2.439805 -0.081415 0.996611 -0.011774 89.132767 0.467792 0.048641 0.882499 1.250003 0.000000 0.000000 0.000000 1.000000
0.943990 0.132594 -0.302162 -4.111438 -0.130632 0.991069 0.026791 89.208252 0.303016 0.014182 0.952880 1.833007 0.000000 0.000000 0.000000 1.000000
0.974909 0.154445 -0.160309 -5.555502 -0.148716 0.987752 0.047215 89.296318 0.165638 -0.022189 0.985937 2.541193 0.000000 0.000000 0.000000 1.000000
0.985038 0.158272 -0.068198 -6.611406 -0.155171 0.986690 0.048628 89.297340 0.074987 -0.037318 0.996486 3.263514 0.000000 0.000000 0.000000 1.000000
0.986553 0.162896 -0.013342 -7.177390 -0.161938 0.985262 0.055095 89.316811 0.022120 -0.052193 0.998392 4.112571 0.000000 0.000000 0.000000 1.000000
0.985662 0.168008 -0.015641 -7.669402 -0.166913 0.984407 0.055517 89.264786 0.024724 -0.052111 0.998335 4.656122 0.000000 0.000000 0.000000 1.000000
0.984214 0.175387 -0.023711 -7.968422 -0.174253 0.983737 0.043569 88.962708 0.030967 -0.038750 0.998769 5.154239 0.000000 0.000000 0.000000 1.000000
0.978889 0.203035 0.023511 -8.107397 -0.203788 0.978354 0.035971 88.617279 -0.015698 -0.040003 0.999076 5.811756 0.000000 0.000000 0.000000 1.000000
0.973194 0.222330 0.058854 -7.968691 -0.224947 0.973452 0.042305 88.344635 -0.047885 -0.054410 0.997370 6.204207 0.000000 0.000000 0.000000 1.000000
0.975624 0.215327 0.042324 -7.597692 -0.217448 0.974559 0.054327 88.290428 -0.029549 -0.062206 0.997626 6.479817 0.000000 0.000000 0.000000 1.000000
0.978590 0.205465 0.012045 -7.145878 -0.205817 0.976766 0.059726 88.415962 0.000506 -0.060926 0.998142 6.631218 0.000000 0.000000 0.000000 1.000000
0.981243 0.192127 -0.015817 -6.713743 -0.190848 0.979726 0.060942 88.609779 0.027205 -0.056780 0.998016 6.659550 0.000000 0.000000 0.000000 1.000000
0.982801 0.175867 -0.056334 -6.389580 -0.172607 0.983262 0.058327 88.691574 0.065649 -0.047600 0.996707 6.432962 0.000000 0.000000 0.000000 1.000000
0.981163 0.157352 -0.112068 -6.095295 -0.152496 0.987002 0.050715 88.662567 0.118591 -0.032670 0.992406 5.861096 0.000000 0.000000 0.000000 1.000000
0.974900 0.138450 -0.174363 -5.744314 -0.133484 0.990245 0.039948 88.506577 0.178193 -0.015671 0.983871 4.985841 0.000000 0.000000 0.000000 1.000000
0.965243 0.119169 -0.232603 -5.233451 -0.115059 0.992868 0.031207 88.471405 0.234663 -0.003359 0.972071 4.123842 0.000000 0.000000 0.000000 1.000000
0.950714 0.097765 -0.294253 -4.656706 -0.094959 0.995196 0.023847 88.495522 0.295170 0.005270 0.955430 3.297845 0.000000 0.000000 0.000000 1.000000
0.930495 0.073320 -0.358891 -4.148314 -0.073998 0.997188 0.011866 88.506798 0.358752 0.015516 0.933304 2.319160 0.000000 0.000000 0.000000 1.000000
0.908581 0.050592 -0.414634 -3.727288 -0.057934 0.998307 -0.005140 88.603523 0.413672 0.028691 0.909974 1.336259 0.000000 0.000000 0.000000 1.000000
0.885543 0.028254 -0.463697 -3.376114 -0.042817 0.998864 -0.020906 88.738495 0.462579 0.038367 0.885747 0.511759 0.000000 0.000000 0.000000 1.000000
0.866627 0.009502 -0.498867 -3.196132 -0.028609 0.999120 -0.030668 88.758606 0.498137 0.040850 0.866136 -0.245530 0.000000 0.000000 0.000000 1.000000
0.849105 -0.007719 -0.528168 -3.093547 -0.015229 0.999120 -0.039085 88.730865 0.528005 0.041231 0.848240 -0.979847 0.000000 0.000000 0.000000 1.000000
0.826352 -0.026841 -0.562514 -2.967902 -0.003057 0.998635 -0.052142 88.735329 0.563145 0.044807 0.825142 -1.697903 0.000000 0.000000 0.000000 1.000000
0.798658 -0.048315 -0.599843 -2.853837 0.008259 0.997558 -0.069353 88.714630 0.601729 0.050435 0.797106 -2.291872 0.000000 0.000000 0.000000 1.000000
0.774352 -0.067708 -0.629122 -2.792286 0.017377 0.996159 -0.085822 88.673882 0.632517 0.055524 0.772554 -2.758361 0.000000 0.000000 0.000000 1.000000
0.753231 -0.087590 -0.651898 -2.774366 0.028213 0.994484 -0.101021 88.626549 0.657151 0.057700 0.751547 -3.148182 0.000000 0.000000 0.000000 1.000000
0.733543 -0.107523 -0.671084 -2.775661 0.041290 0.992633 -0.113910 88.591331 0.678387 0.055849 0.732579 -3.474886 0.000000 0.000000 0.000000 1.000000
0.716210 -0.123296 -0.686907 -2.811171 0.051764 0.990944 -0.123897 88.608406 0.695962 0.053179 0.716106 -3.714181 0.000000 0.000000 0.000000 1.000000
0.701670 -0.134984 -0.699599 -2.871825 0.059624 0.989570 -0.131131 88.646645 0.710003 0.050298 0.702401 -3.773680 0.000000 0.000000 0.000000 1.000000
0.687499 -0.144704 -0.711622 -2.890745 0.065172 0.988286 -0.137999 88.648727 0.723255 0.048496 0.688876 -3.671188 0.000000 0.000000 0.000000 1.000000
0.672305 -0.152489 -0.724398 -2.856474 0.069578 0.987239 -0.143243 88.579697 0.736997 0.045900 0.674336 -3.435969 0.000000 0.000000 0.000000 1.000000
0.657815 -0.163941 -0.735121 -2.765803 0.077926 0.985600 -0.150069 88.502289 0.749137 0.041433 0.661118 -3.180154 0.000000 0.000000 0.000000 1.000000
0.650491 -0.170552 -0.740117 -2.628144 0.083369 0.984607 -0.153618 88.436935 0.754925 0.038224 0.654697 -2.963454 0.000000 0.000000 0.000000 1.000000
0.649228 -0.169995 -0.741354 -2.414833 0.081686 0.984650 -0.154248 88.340988 0.756195 0.039584 0.653148 -2.737153 0.000000 0.000000 0.000000 1.000000
0.645862 -0.169156 -0.744478 -2.182445 0.079340 0.984737 -0.154915 88.242897 0.759320 0.040987 0.649425 -2.574810 0.000000 0.000000 0.000000 1.000000
0.638952 -0.172926 -0.749558 -1.921108 0.081120 0.984119 -0.157890 88.103775 0.764958 0.040080 0.642832 -2.423719 0.000000 0.000000 0.000000 1.000000
0.635254 -0.173783 -0.752497 -1.645339 0.080096 0.983925 -0.159613 87.972008 0.768139 0.041123 0.638961 -2.263228 0.000000 0.000000 0.000000 1.000000
0.635916 -0.171688 -0.752419 -1.351624 0.077170 0.984200 -0.159356 87.882156 0.767891 0.043272 0.639118 -2.123671 0.000000 0.000000 0.000000 1.000000
0.637503 -0.168552 -0.751784 -1.077808 0.075142 0.984726 -0.157059 87.859962 0.766775 0.043635 0.640432 -1.983088 0.000000 0.000000 0.000000 1.000000
0.638255 -0.165416 -0.751843 -0.835064 0.072324 0.985207 -0.155362 87.884003 0.766420 0.044784 0.640777 -1.837956 0.000000 0.000000 0.000000 1.000000
0.639280 -0.162147 -0.751685 -0.628059 0.069419 0.985694 -0.153588 87.947495 0.765835 0.046004 0.641390 -1.669370 0.000000 0.000000 0.000000 1.000000
0.639337 -0.159132 -0.752280 -0.467724 0.067134 0.986167 -0.151552 88.053078 0.765990 0.046389 0.641176 -1.474489 0.000000 0.000000 0.000000 1.000000
0.639235 -0.156336 -0.752952 -0.341426 0.064155 0.986546 -0.150371 88.208954 0.766330 0.047817 0.640665 -1.268482 0.000000 0.000000 0.000000 1.000000
0.640542 -0.152280 -0.752673 -0.240700 0.060839 0.987123 -0.147939 88.438797 0.765509 0.048969 0.641559 -1.025953 0.000000 0.000000 0.000000 1.000000
0.641882 -0.147100 -0.752561 -0.172696 0.056537 0.987835 -0.144866 88.717560 0.764716 0.050439 0.642390 -0.755166 0.000000 0.000000 0.000000 1.000000
0.642773 -0.140350 -0.753090 -0.150442 0.051508 0.988767 -0.140309 89.014839 0.764323 0.051396 0.642782 -0.461602 0.000000 0.000000 0.000000 1.000000
0.642474 -0.134393 -0.754431 -0.161586 0.046618 0.989532 -0.136573 89.334061 0.764888 0.052575 0.642014 -0.167123 0.000000 0.000000 0.000000 1.000000
0.641258 -0.129584 -0.756304 -0.184441 0.042871 0.990148 -0.133302 89.657387 0.766127 0.053058 0.640495 0.104223 0.000000 0.000000 0.000000 1.000000
0.638558 -0.126196 -0.759156 -0.192549 0.039286 0.990523 -0.131612 89.944275 0.768570 0.054217 0.637464 0.367821 0.000000 0.000000 0.000000 1.000000</float_array><technique_common><accessor source="#mixamorig5_Hips-Matrix-animation-output-transform-array" count="54" stride="16"><param type="float4x4"/></accessor></technique_common></source><source id="mixamorig5_Hips-Interpolations"><Name_array id="mixamorig5_Hips-Interpolations-array" count="54">
 LINEAR LINEAR LINEAR LINEAR LINEAR LINEAR LINEAR LINEAR LINEAR LINEAR LINEAR
LINEAR LINEAR LINEAR LINEAR LINEAR LINEAR LINEAR LINEAR LINEAR LINEAR LINEAR LINEAR
LINEAR LINEAR LINEAR LINEAR LINEAR LINEAR LINEAR LINEAR LINEAR LINEAR LINEAR LINEAR
LINEAR LINEAR LINEAR LINEAR LINEAR LINEAR LINEAR LINEAR LINEAR LINEAR LINEAR LINEAR
LINEAR LINEAR LINEAR LINEAR LINEAR LINEAR LINEAR</Name_array><technique_common><accessor source="#mixamorig5_Hips-Interpolations-array" count="54"><param type="name"/></accessor></technique_common></source><sampler id="mixamorig5_Hips-Matrix-animation-transform"><input semantic="INPUT" source="#mixamorig5_Hips-Matrix-animation-input"/><input semantic="OUTPUT" source="#mixamorig5_Hips-Matrix-animation-output-transform"/><input semantic="INTERPOLATION" source="#mixamorig5_Hips-Interpolations"/></sampler><channel source="#mixamorig5_Hips-Matrix-animation-transform" target="mixamorig5_Hips/matrix"/></animation>
    <animation id="mixamorig5_Spine-anim" name="mixamorig5_Spine"><source id="mixamorig5_Spine-Matrix-animation-input"><float_array id="mixamorig5_Spine-Matrix-animation-input-array" count="54">

0.000000 0.033333 0.066667 0.100000 0.133333 0.166667 0.200000 0.233333 0.266667 0.300000 0.333333 0.366667 0.400000 0.433333 0.466667 0.500000
0.533333 0.566667 0.600000 0.633333 0.666667 0.700000 0.733333 0.766667 0.800000 0.833333 0.866667 0.900000 0.933333 0.966667 1.000000 1.033333
1.066667 1.100000 1.133333 1.166667 1.200000 1.233333 1.266667 1.300000 1.333333 1.366667 1.400000 1.433333 1.466667 1.500000 1.533333 1.566667
1.600000 1.633333 1.666667 1.700000 1.733333 1.766667</float_array><technique_common><accessor source="#mixamorig5_Spine-Matrix-animation-input-array" count="54"><param name="TIME" type="float"/></accessor></technique_common></source><source id="mixamorig5_Spine-Matrix-animation-output-transform"><float_array id="mixamorig5_Spine-Matrix-animation-output-transform-array" count="864">

0.998270 0.026183 0.052640 0.000000 -0.024175 0.998969 -0.038434 8.836100 -0.053592 0.037095 0.997874 -1.360800 0.000000 0.000000 0.000000 1.000000
0.998335 0.030541 0.048934 0.000000 -0.028353 0.998594 -0.044787 8.836100 -0.050233 0.043325 0.997797 -1.360800 0.000000 0.000000 0.000000 1.000000
0.998237 0.042670 0.041259 0.000000 -0.040263 0.997533 -0.057504 8.836100 -0.043610 0.055741 0.997492 -1.360800 0.000000 0.000000 0.000000 1.000000
0.997508 0.064696 0.028148 0.000000 -0.063160 0.996627 -0.052401 8.836100 -0.031443 0.050493 0.998229 -1.360800 0.000000 0.000000 0.000000 1.000000
0.996344 0.085344 0.003986 0.000000 -0.085125 0.995603 -0.039094 8.836100 -0.007305 0.038612 0.999228 -1.360800 0.000000 0.000000 0.000000 1.000000
0.994810 0.098659 -0.024880 0.000000 -0.100522 0.990832 -0.090263 8.836100 0.015747 0.092295 0.995607 -1.360800 0.000000 0.000000 0.000000 1.000000
0.991330 0.120980 -0.051276 0.000000 -0.127418 0.980401 -0.150262 8.836100 0.032093 0.155493 0.987316 -1.360800 0.000000 0.000000 0.000000 1.000000
0.984945 0.156900 -0.072569 0.000000 -0.168025 0.967590 -0.188514 8.836100 0.040639 0.197869 0.979386 -1.360800 0.000000 0.000000 0.000000 1.000000
0.981167 0.170016 -0.091680 0.000000 -0.185461 0.961852 -0.201110 8.836100 0.053991 0.214325 0.975269 -1.360800 0.000000 0.000000 0.000000 1.000000
0.982559 0.155439 -0.102065 0.000000 -0.174948 0.958738 -0.224084 8.836100 0.063022 0.238032 0.969210 -1.360800 0.000000 0.000000 0.000000 1.000000
0.981651 0.158817 -0.105540 0.000000 -0.180374 0.952920 -0.243739 8.836100 0.061861 0.258304 0.964081 -1.360800 0.000000 0.000000 0.000000 1.000000
0.981201 0.163195 -0.103015 0.000000 -0.183913 0.952471 -0.242847 8.836100 0.058488 0.257227 0.964579 -1.360800 0.000000 0.000000 0.000000 1.000000
0.983472 0.145373 -0.107937 0.000000 -0.168726 0.952095 -0.255042 8.836100 0.065690 0.269039 0.960887 -1.360800 0.000000 0.000000 0.000000 1.000000
0.985216 0.127976 -0.113895 -0.000000 -0.154029 0.952738 -0.261849 8.836100 0.075002 0.275521 0.958365 -1.360800 0.000000 0.000000 0.000000 1.000000
0.982380 0.149160 -0.112613 0.000000 -0.173963 0.950019 -0.259233 8.836100 0.068318 0.274255 0.959227 -1.360800 0.000000 0.000000 0.000000 1.000000
0.981859 0.157731 -0.105234 0.000000 -0.179697 0.951179 -0.250934 8.836100 0.060516 0.265292 0.962267 -1.360800 0.000000 0.000000 0.000000 1.000000
0.982957 0.155057 -0.098756 -0.000000 -0.175148 0.953092 -0.246860 8.836100 0.055846 0.259950 0.964006 -1.360800 0.000000 0.000000 0.000000 1.000000
0.983023 0.159207 -0.091205 0.000000 -0.176769 0.954987 -0.238228 8.836100 0.049172 0.250306 0.966917 -1.360800 0.000000 0.000000 0.000000 1.000000
0.983324 0.161711 -0.083212 -0.000000 -0.176835 0.957037 -0.229802 8.836100 0.042475 0.240685 0.969674 -1.360800 0.000000 0.000000 0.000000 1.000000
0.984336 0.159487 -0.075147 -0.000000 -0.172483 0.959405 -0.223141 8.836100 0.036508 0.232607 0.971885 -1.360800 0.000000 0.000000 0.000000 1.000000
0.986276 0.150310 -0.068306 0.000000 -0.161834 0.962047 -0.219715 8.836100 0.032688 0.227754 0.973170 -1.360800 0.000000 0.000000 0.000000 1.000000
0.988193 0.141077 -0.059760 -0.000000 -0.150802 0.964517 -0.216715 8.836100 0.027066 0.223168 0.974404 -1.360800 0.000000 0.000000 0.000000 1.000000
0.989804 0.133749 -0.048977 -0.000000 -0.141150 0.967135 -0.211485 8.836100 0.019082 0.216242 0.976153 -1.360800 0.000000 0.000000 0.000000 1.000000
0.991935 0.121033 -0.037633 -0.000000 -0.126167 0.971279 -0.201742 8.836100 0.012135 0.204863 0.978716 -1.360800 0.000000 0.000000 0.000000 1.000000
0.993504 0.110517 -0.027138 0.000000 -0.113670 0.975137 -0.190228 8.836100 0.005440 0.192077 0.981365 -1.360800 0.000000 0.000000 0.000000 1.000000
0.994596 0.101749 -0.020645 0.000000 -0.103817 0.976711 -0.187771 8.836100 0.001058 0.188900 0.981996 -1.360800 0.000000 0.000000 0.000000 1.000000
0.995275 0.095875 -0.015352 0.000000 -0.097048 0.977263 -0.188516 8.836100 -0.003071 0.189115 0.981950 -1.360800 0.000000 0.000000 0.000000 1.000000
0.996031 0.088561 -0.008877 0.000000 -0.088677 0.978846 -0.184382 8.836100 -0.007640 0.184438 0.982815 -1.360800 0.000000 0.000000 0.000000 1.000000
0.996849 0.079315 -0.000667 0.000000 -0.078234 0.981799 -0.173059 8.836100 -0.013072 0.172566 0.984911 -1.360800 0.000000 0.000000 0.000000 1.000000
0.998033 0.062494 0.004879 -0.000000 -0.060893 0.985039 -0.161215 8.836100 -0.014881 0.160601 0.986907 -1.360800 0.000000 0.000000 0.000000 1.000000
0.998772 0.048656 0.009294 -0.000000 -0.046732 0.987733 -0.148995 8.836100 -0.016430 0.148378 0.988794 -1.360800 0.000000 0.000000 0.000000 1.000000
0.999120 0.039341 0.014513 0.000000 -0.036920 0.989415 -0.140339 8.836100 -0.019880 0.139680 0.989997 -1.360800 0.000000 0.000000 0.000000 1.000000
0.999374 0.029652 0.019317 0.000000 -0.026853 0.990909 -0.131829 8.836100 -0.023050 0.131227 0.991084 -1.360800 0.000000 0.000000 0.000000 1.000000
0.999589 0.016696 0.023324 0.000000 -0.013682 0.992204 -0.123867 8.836100 -0.025210 0.123497 0.992025 -1.360800 0.000000 0.000000 0.000000 1.000000
0.999615 0.003700 0.027489 -0.000000 -0.000498 0.993295 -0.115605 8.836100 -0.027732 0.115546 0.992915 -1.360800 0.000000 0.000000 0.000000 1.000000
0.999448 -0.002470 0.033122 0.000000 0.006059 0.994056 -0.108702 8.836100 -0.032657 0.108842 0.993522 -1.360800 0.000000 0.000000 0.000000 1.000000
0.999174 0.006152 0.040171 -0.000000 -0.002162 0.995123 -0.098620 8.836100 -0.040581 0.098452 0.994314 -1.360800 0.000000 0.000000 0.000000 1.000000
0.998964 0.010483 0.044292 -0.000000 -0.006377 0.995753 -0.091841 8.836100 -0.045067 0.091464 0.994788 -1.360800 0.000000 0.000000 0.000000 1.000000
0.998937 0.005477 0.045761 -0.000000 -0.001228 0.995723 -0.092379 8.836100 -0.046071 0.092225 0.994672 -1.360800 0.000000 0.000000 0.000000 1.000000
0.998890 0.005193 0.046827 -0.000000 -0.000751 0.995535 -0.094394 8.836100 -0.047108 0.094254 0.994433 -1.360800 0.000000 0.000000 0.000000 1.000000
0.998821 0.009895 0.047522 0.000000 -0.005536 0.995835 -0.091001 8.836100 -0.048225 0.090631 0.994716 -1.360800 0.000000 0.000000 0.000000 1.000000
0.998853 0.010149 0.046785 0.000000 -0.006081 0.996252 -0.086283 8.836100 -0.047486 0.085900 0.995172 -1.360800 0.000000 0.000000 0.000000 1.000000
0.998907 0.008385 0.045993 0.000000 -0.004462 0.996394 -0.084735 8.836100 -0.046538 0.084437 0.995341 -1.360800 0.000000 0.000000 0.000000 1.000000
0.998932 0.008804 0.045354 0.000000 -0.004969 0.996455 -0.083986 8.836100 -0.045933 0.083671 0.995434 -1.360800 0.000000 0.000000 0.000000 1.000000
0.998921 0.010226 0.045308 0.000000 -0.006465 0.996580 -0.082379 8.836100 -0.045996 0.081997 0.995571 -1.360800 0.000000 0.000000 0.000000 1.000000
0.998910 0.011751 0.045181 0.000000 -0.008056 0.996671 -0.081126 8.836100 -0.045984 0.080673 0.995679 -1.360800 0.000000 0.000000 0.000000 1.000000
0.998867 0.014520 0.045314 0.000000 -0.011015 0.996996 -0.076664 8.836100 -0.046291 0.076078 0.996027 -1.360800 0.000000 0.000000 0.000000 1.000000
0.998824 0.015988 0.045767 0.000000 -0.012719 0.997405 -0.070859 8.836100 -0.046781 0.070193 0.996436 -1.360800 0.000000 0.000000 0.000000 1.000000
0.998786 0.017470 0.046058 -0.000000 -0.014421 0.997734 -0.065711 8.836100 -0.047102 0.064967 0.996775 -1.360800 0.000000 0.000000 0.000000 1.000000
0.998775 0.017301 0.046353 0.000000 -0.014485 0.998069 -0.060408 8.836100 -0.047308 0.059662 0.997097 -1.360800 0.000000 0.000000 0.000000 1.000000
0.998708 0.018005 0.047516 0.000000 -0.015362 0.998345 -0.055423 8.836100 -0.048435 0.054621 0.997332 -1.360800 0.000000 0.000000 0.000000 1.000000
0.998617 0.019068 0.048992 0.000000 -0.016659 0.998655 -0.049107 8.836100 -0.049863 0.048222 0.997591 -1.360800 0.000000 0.000000 0.000000 1.000000
0.998435 0.023090 0.050927 0.000000 -0.020890 0.998844 -0.043302 8.836100 -0.051868 0.042171 0.997763 -1.360800 0.000000 0.000000 0.000000 1.000000
0.998270 0.026183 0.052640 -0.000000 -0.024175 0.998969 -0.038434 8.836100 -0.053593 0.037095 0.997874 -1.360800 0.000000 0.000000 0.000000 1.000000</float_array><technique_common><accessor source="#mixamorig5_Spine-Matrix-animation-output-transform-array" count="54" stride="16"><param type="float4x4"/></accessor></technique_common></source><source id="mixamorig5_Spine-Interpolations"><Name_array id="mixamorig5_Spine-Interpolations-array" count="54">
 LINEAR LINEAR LINEAR LINEAR LINEAR LINEAR LINEAR LINEAR LINEAR LINEAR LINEAR
LINEAR LINEAR LINEAR LINEAR LINEAR LINEAR LINEAR LINEAR LINEAR LINEAR LINEAR LINEAR
LINEAR LINEAR LINEAR LINEAR LINEAR LINEAR LINEAR LINEAR LINEAR LINEAR LINEAR LINEAR
LINEAR LINEAR LINEAR LINEAR LINEAR LINEAR LINEAR LINEAR LINEAR LINEAR LINEAR LINEAR
LINEAR LINEAR LINEAR LINEAR LINEAR LINEAR LINEAR</Name_array><technique_common><accessor source="#mixamorig5_Spine-Interpolations-array" count="54"><param type="name"/></accessor></technique_common></source><sampler id="mixamorig5_Spine-Matrix-animation-transform"><input semantic="INPUT" source="#mixamorig5_Spine-Matrix-animation-input"/><input semantic="OUTPUT" source="#mixamorig5_Spine-Matrix-animation-output-transform"/><input semantic="INTERPOLATION" source="#mixamorig5_Spine-Interpolations"/></sampler><channel source="#mixamorig5_Spine-Matrix-animation-transform" target="mixamorig5_Spine/matrix"/></animation>
    <animation id="mixamorig5_Spine1-anim" name="mixamorig5_Spine1"><source id="mixamorig5_Spine1-Matrix-animation-input"><float_array id="mixamorig5_Spine1-Matrix-animation-input-array" count="54">

0.000000 0.033333 0.066667 0.100000 0.133333 0.166667 0.200000 0.233333 0.266667 0.300000 0.333333 0.366667 0.400000 0.433333 0.466667 0.500000
0.533333 0.566667 0.600000 0.633333 0.666667 0.700000 0.733333 0.766667 0.800000 0.833333 0.866667 0.900000 0.933333 0.966667 1.000000 1.033333
1.066667 1.100000 1.133333 1.166667 1.200000 1.233333 1.266667 1.300000 1.333333 1.366667 1.400000 1.433333 1.466667 1.500000 1.533333 1.566667
1.600000 1.633333 1.666667 1.700000 1.733333 1.766667</float_array><technique_common><accessor source="#mixamorig5_Spine1-Matrix-animation-input-array" count="54"><param name="TIME" type="float"/></accessor></technique_common></source><source id="mixamorig5_Spine1-Matrix-animation-output-transform"><float_array id="mixamorig5_Spine1-Matrix-animation-output-transform-array" count="864">

0.992503 0.058728 0.107190 0.000000 -0.047414 0.993319 -0.105210 10.430300 -0.112652 0.099338 0.988656 0.000000 0.000000 0.000000 0.000000 1.000000
0.994043 0.048810 0.097449 0.000000 -0.038388 0.993615 -0.106094 10.430300 -0.102005 0.101721 0.989569 0.000000 0.000000 0.000000 0.000000 1.000000
0.996403 0.030137 0.079196 -0.000000 -0.021578 0.994048 -0.106787 10.430300 -0.081943 0.104694 0.991123 -0.000000 0.000000 0.000000 0.000000 1.000000
0.998879 -0.003661 0.047184 0.000000 0.009195 0.993018 -0.117600 10.430300 -0.046425 0.117902 0.991939 -0.000000 0.000000 0.000000 0.000000 1.000000
0.999325 -0.036686 0.001749 0.000000 0.036626 0.991875 -0.121830 10.430300 0.002735 0.121812 0.992549 0.000000 0.000000 0.000000 0.000000 1.000000
0.998100 -0.048394 -0.038142 0.000000 0.044939 0.995216 -0.086748 10.430300 0.042158 0.084869 0.995500 -0.000000 0.000000 0.000000 0.000000 1.000000
0.996776 -0.050173 -0.062611 -0.000000 0.047359 0.997834 -0.045655 10.430300 0.064766 0.042543 0.996993 0.000000 0.000000 0.000000 0.000000 1.000000
0.997152 -0.038744 -0.064702 0.000000 0.037714 0.999143 -0.017071 10.430300 0.065308 0.014582 0.997759 0.000000 0.000000 0.000000 0.000000 1.000000
0.998224 0.004945 -0.059359 0.000000 -0.005544 0.999935 -0.009939 10.430300 0.059306 0.010251 0.998187 0.000000 0.000000 0.000000 0.000000 1.000000
0.996935 0.066364 -0.041438 0.000000 -0.067094 0.997610 -0.016492 10.430300 0.040244 0.019222 0.999005 0.000000 0.000000 0.000000 0.000000 1.000000
0.992622 0.121091 -0.006160 0.000000 -0.121183 0.992467 -0.018009 10.430300 0.003933 0.018622 0.999819 0.000000 0.000000 0.000000 0.000000 1.000000
0.986688 0.160785 0.024410 -0.000000 -0.160206 0.986790 -0.024075 10.430300 -0.027958 0.019844 0.999412 0.000000 0.000000 0.000000 0.000000 1.000000
0.985135 0.170894 0.017421 -0.000000 -0.170172 0.984727 -0.036808 10.430300 -0.023446 0.033296 0.999170 0.000000 0.000000 0.000000 0.000000 1.000000
0.982842 0.184325 0.006837 0.000000 -0.183883 0.982047 -0.042078 10.430300 -0.014470 0.040099 0.999091 0.000000 0.000000 0.000000 0.000000 1.000000
0.983858 0.178432 0.013624 -0.000000 -0.177707 0.983143 -0.043004 10.430300 -0.021067 0.039889 0.998982 -0.000000 0.000000 0.000000 0.000000 1.000000
0.984862 0.171975 0.021731 -0.000000 -0.170757 0.984090 -0.049077 10.430300 -0.029825 0.044624 0.998559 -0.000000 0.000000 0.000000 0.000000 1.000000
0.985300 0.168756 0.026541 0.000000 -0.167146 0.984437 -0.054270 10.430300 -0.035287 0.049036 0.998174 -0.000000 0.000000 0.000000 0.000000 1.000000
0.986237 0.162571 0.030109 0.000000 -0.160406 0.984970 -0.064067 10.430300 -0.040072 0.058355 0.997491 -0.000000 0.000000 0.000000 0.000000 1.000000
0.987132 0.155929 0.035440 0.000000 -0.153258 0.985805 -0.068560 10.430300 -0.045628 0.062246 0.997017 0.000000 0.000000 0.000000 0.000000 1.000000
0.987915 0.149565 0.040661 0.000000 -0.146455 0.986668 -0.070970 10.430300 -0.050734 0.064157 0.996649 -0.000000 0.000000 0.000000 0.000000 1.000000
0.988007 0.148286 0.043052 0.000000 -0.144721 0.986501 -0.076631 10.430300 -0.053834 0.069481 0.996130 -0.000000 0.000000 0.000000 0.000000 1.000000
0.987688 0.148614 0.048853 0.000000 -0.144164 0.985929 -0.084625 10.430300 -0.060742 0.076541 0.995215 0.000000 0.000000 0.000000 0.000000 1.000000
0.986935 0.149575 0.059882 0.000000 -0.143851 0.985443 -0.090601 10.430300 -0.072561 0.080803 0.994085 0.000000 0.000000 0.000000 0.000000 1.000000
0.985715 0.152871 0.070690 0.000000 -0.145850 0.984672 -0.095646 10.430300 -0.084228 0.083970 0.992902 0.000000 0.000000 0.000000 0.000000 1.000000
0.984822 0.154406 0.079274 0.000000 -0.146164 0.984094 -0.100966 10.430300 -0.093603 0.087847 0.991726 -0.000000 0.000000 0.000000 0.000000 1.000000
0.985030 0.150956 0.083239 0.000000 -0.142312 0.984603 -0.101511 10.430300 -0.097281 0.088145 0.991346 0.000000 0.000000 0.000000 0.000000 1.000000
0.985879 0.143926 0.085604 0.000000 -0.135318 0.985837 -0.099063 10.430300 -0.098649 0.086081 0.991392 -0.000000 0.000000 0.000000 0.000000 1.000000
0.986702 0.136830 0.087728 0.000000 -0.128041 0.986813 -0.099021 10.430300 -0.100120 0.086471 0.991211 0.000000 0.000000 0.000000 0.000000 1.000000
0.987155 0.131017 0.091427 -0.000000 -0.121676 0.987397 -0.101204 10.430300 -0.103534 0.088780 0.990656 0.000000 0.000000 0.000000 0.000000 1.000000
0.987170 0.130196 0.092430 0.000000 -0.120561 0.987334 -0.103137 10.430300 -0.104688 0.090671 0.990363 0.000000 0.000000 0.000000 0.000000 1.000000
0.987391 0.128665 0.092215 0.000000 -0.118933 0.987415 -0.104246 10.430300 -0.104467 0.091964 0.990267 0.000000 0.000000 0.000000 0.000000 1.000000
0.987417 0.126158 0.095355 0.000000 -0.116188 0.987794 -0.103749 10.430300 -0.107279 0.091364 0.990022 0.000000 0.000000 0.000000 0.000000 1.000000
0.987322 0.124305 0.098706 0.000000 -0.113988 0.988016 -0.104071 10.430300 -0.110460 0.091500 0.989660 0.000000 0.000000 0.000000 0.000000 1.000000
0.987280 0.122361 0.101519 -0.000000 -0.111756 0.988247 -0.104299 10.430300 -0.113088 0.091627 0.989351 0.000000 0.000000 0.000000 0.000000 1.000000
0.987377 0.118691 0.104873 0.000000 -0.108062 0.988917 -0.101815 10.430300 -0.115795 0.089197 0.989260 -0.000000 0.000000 0.000000 0.000000 1.000000
0.987261 0.113805 0.111195 -0.000000 -0.103182 0.989917 -0.097041 10.430300 -0.121118 0.084331 0.989049 0.000000 0.000000 0.000000 0.000000 1.000000
0.988085 0.101542 0.115660 0.000000 -0.090938 0.991453 -0.093549 10.430300 -0.124171 0.081916 0.988874 0.000000 0.000000 0.000000 0.000000 1.000000
0.988837 0.092493 0.116814 0.000000 -0.081979 0.992396 -0.091818 10.430300 -0.124418 0.081216 0.988900 0.000000 0.000000 0.000000 0.000000 1.000000
0.989472 0.086260 0.116209 0.000000 -0.075908 0.992977 -0.090744 10.430300 -0.123220 0.080968 0.989071 0.000000 0.000000 0.000000 0.000000 1.000000
0.990107 0.080364 0.115016 -0.000000 -0.070140 0.993438 -0.090336 10.430300 -0.121522 0.081375 0.989247 0.000000 0.000000 0.000000 0.000000 1.000000
0.990582 0.076788 0.113358 -0.000000 -0.066414 0.993484 -0.092621 10.430300 -0.119731 0.084220 0.989228 0.000000 0.000000 0.000000 0.000000 1.000000
0.991096 0.074947 0.110050 0.000000 -0.064224 0.993117 -0.097944 10.430300 -0.116634 0.090004 0.989088 0.000000 0.000000 0.000000 0.000000 1.000000
0.991482 0.073530 0.107505 -0.000000 -0.062374 0.992651 -0.103696 10.430300 -0.114339 0.096107 0.988782 0.000000 0.000000 0.000000 0.000000 1.000000
0.991628 0.073805 0.105952 0.000000 -0.062268 0.992161 -0.108352 10.430300 -0.113118 0.100848 0.988450 0.000000 0.000000 0.000000 0.000000 1.000000
0.991732 0.073523 0.105180 0.000000 -0.061701 0.991842 -0.111541 10.430300 -0.112523 0.104129 0.988178 -0.000000 0.000000 0.000000 0.000000 1.000000
0.991819 0.073365 0.104463 0.000000 -0.061537 0.991771 -0.112266 10.430300 -0.111840 0.104919 0.988172 0.000000 0.000000 0.000000 0.000000 1.000000
0.991907 0.073235 0.103719 -0.000000 -0.061370 0.991664 -0.113293 10.430300 -0.111151 0.106011 0.988133 0.000000 0.000000 0.000000 0.000000 1.000000
0.991923 0.073050 0.103690 0.000000 -0.061201 0.991687 -0.113186 10.430300 -0.111096 0.105926 0.988148 -0.000000 0.000000 0.000000 0.000000 1.000000
0.992107 0.071603 0.102944 0.000000 -0.059945 0.991876 -0.112195 10.430300 -0.110142 0.105139 0.988339 0.000000 0.000000 0.000000 0.000000 1.000000
0.992196 0.070721 0.102696 -0.000000 -0.059180 0.992014 -0.111380 10.430300 -0.109753 0.104433 0.988457 0.000000 0.000000 0.000000 0.000000 1.000000
0.992309 0.068089 0.103382 0.000000 -0.056561 0.992253 -0.110610 10.430300 -0.110112 0.103911 0.988472 0.000000 0.000000 0.000000 0.000000 1.000000
0.992350 0.065597 0.104588 0.000000 -0.054069 0.992516 -0.109489 10.430300 -0.110988 0.102997 0.988470 -0.000000 0.000000 0.000000 0.000000 1.000000
0.992454 0.061891 0.105850 0.000000 -0.050434 0.992904 -0.107691 10.430300 -0.111764 0.101540 0.988534 0.000000 0.000000 0.000000 0.000000 1.000000
0.992503 0.058728 0.107190 0.000000 -0.047414 0.993319 -0.105210 10.430300 -0.112652 0.099339 0.988656 0.000000 0.000000 0.000000 0.000000 1.000000</float_array><technique_common><accessor source="#mixamorig5_Spine1-Matrix-animation-output-transform-array" count="54" stride="16"><param type="float4x4"/></accessor></technique_common></source><source id="mixamorig5_Spine1-Interpolations"><Name_array id="mixamorig5_Spine1-Interpolations-array" count="54">
 LINEAR LINEAR LINEAR LINEAR LINEAR LINEAR LINEAR LINEAR LINEAR LINEAR LINEAR
LINEAR LINEAR LINEAR LINEAR LINEAR LINEAR LINEAR LINEAR LINEAR LINEAR LINEAR LINEAR
LINEAR LINEAR LINEAR LINEAR LINEAR LINEAR LINEAR LINEAR LINEAR LINEAR LINEAR LINEAR
LINEAR LINEAR LINEAR LINEAR LINEAR LINEAR LINEAR LINEAR LINEAR LINEAR LINEAR LINEAR
LINEAR LINEAR LINEAR LINEAR LINEAR LINEAR LINEAR</Name_array><technique_common><accessor source="#mixamorig5_Spine1-Interpolations-array" count="54"><param type="name"/></accessor></technique_common></source><sampler id="mixamorig5_Spine1-Matrix-animation-transform"><input semantic="INPUT" source="#mixamorig5_Spine1-Matrix-animation-input"/><input semantic="OUTPUT" source="#mixamorig5_Spine1-Matrix-animation-output-transform"/><input semantic="INTERPOLATION" source="#mixamorig5_Spine1-Interpolations"/></sampler><channel source="#mixamorig5_Spine1-Matrix-animation-transform" target="mixamorig5_Spine1/matrix"/></animation>
    <animation id="mixamorig5_Spine2-anim" name="mixamorig5_Spine2"><source id="mixamorig5_Spine2-Matrix-animation-input"><float_array id="mixamorig5_Spine2-Matrix-animation-input-array" count="54">

0.000000 0.033333 0.066667 0.100000 0.133333 0.166667 0.200000 0.233333 0.266667 0.300000 0.333333 0.366667 0.400000 0.433333 0.466667 0.500000
0.533333 0.566667 0.600000 0.633333 0.666667 0.700000 0.733333 0.766667 0.800000 0.833333 0.866667 0.900000 0.933333 0.966667 1.000000 1.033333
1.066667 1.100000 1.133333 1.166667 1.200000 1.233333 1.266667 1.300000 1.333333 1.366667 1.400000 1.433333 1.466667 1.500000 1.533333 1.566667
1.600000 1.633333 1.666667 1.700000 1.733333 1.766667</float_array><technique_common><accessor source="#mixamorig5_Spine2-Matrix-animation-input-array" count="54"><param name="TIME" type="float"/></accessor></technique_common></source><source id="mixamorig5_Spine2-Matrix-animation-output-transform"><float_array id="mixamorig5_Spine2-Matrix-animation-output-transform-array" count="864">

0.992503 0.035424 0.116978 0.000000 -0.047370 0.993761 0.100972 11.920300 -0.112671 -0.105756 0.987988 0.000000 0.000000 0.000000 0.000000 1.000000
0.993945 0.026246 0.106698 0.000000 -0.036931 0.994358 0.099438 11.920300 -0.103486 -0.102777 0.989307 0.000000 0.000000 0.000000 0.000000 1.000000
0.996109 0.008817 0.087688 -0.000000 -0.017349 0.995132 0.097014 11.920300 -0.086406 -0.098158 0.991413 0.000000 0.000000 0.000000 0.000000 1.000000
0.998306 -0.020827 0.054318 0.000000 0.016297 0.996455 0.082533 11.920300 -0.055845 -0.081508 0.995107 0.000000 0.000000 0.000000 0.000000 1.000000
0.998858 -0.047279 0.006923 0.000000 0.046648 0.996235 0.073077 11.920300 -0.010352 -0.072671 0.997302 0.000000 0.000000 0.000000 0.000000 1.000000
0.997683 -0.059237 -0.033459 -0.000000 0.062397 0.992720 0.103018 11.920300 0.027113 -0.104867 0.994117 0.000000 0.000000 0.000000 0.000000 1.000000
0.996226 -0.064442 -0.058150 0.000000 0.072007 0.987656 0.139107 11.920300 0.048468 -0.142769 0.988569 -0.000000 0.000000 0.000000 0.000000 1.000000
0.996599 -0.056733 -0.059757 0.000000 0.065928 0.984043 0.165265 11.920300 0.049427 -0.168643 0.984437 0.000000 0.000000 0.000000 0.000000 1.000000
0.998621 -0.015514 -0.050147 0.000000 0.024029 0.984461 0.173952 11.920300 0.046669 -0.174917 0.983476 0.000000 0.000000 0.000000 0.000000 1.000000
0.998794 0.041984 -0.025462 0.000000 -0.037031 0.984599 0.170860 11.920300 0.032243 -0.169711 0.984966 0.000000 0.000000 0.000000 0.000000 1.000000
0.995661 0.091859 0.014841 0.000000 -0.093042 0.980799 0.171397 11.920300 0.001188 -0.172034 0.985090 0.000000 0.000000 0.000000 0.000000 1.000000
0.990545 0.127790 0.049905 0.000000 -0.134388 0.976975 0.165707 11.920300 -0.027581 -0.170847 0.984911 -0.000000 0.000000 0.000000 0.000000 1.000000
0.989453 0.137702 0.044945 0.000000 -0.143008 0.977994 0.151911 11.920300 -0.023037 -0.156736 0.987372 0.000000 0.000000 0.000000 0.000000 1.000000
0.987764 0.151809 0.035733 0.000000 -0.155430 0.977067 0.145541 11.920300 -0.012819 -0.149314 0.988707 0.000000 0.000000 0.000000 0.000000 1.000000
0.988475 0.145347 0.042324 0.000000 -0.150019 0.977962 0.145206 11.920300 -0.020286 -0.149882 0.988496 0.000000 0.000000 0.000000 0.000000 1.000000
0.989104 0.138265 0.050549 0.000000 -0.144092 0.979613 0.139988 11.920300 -0.030163 -0.145747 0.988862 0.000000 0.000000 0.000000 0.000000 1.000000
0.989323 0.134880 0.055213 -0.000000 -0.141257 0.980669 0.135404 11.920300 -0.035882 -0.141757 0.989251 0.000000 0.000000 0.000000 0.000000 1.000000
0.989927 0.128711 0.058967 0.000000 -0.135302 0.982707 0.126410 11.920300 -0.041677 -0.133115 0.990224 -0.000000 0.000000 0.000000 0.000000 1.000000
0.990465 0.122069 0.063866 0.000000 -0.129188 0.983987 0.122797 11.920300 -0.047853 -0.129876 0.990375 -0.000000 0.000000 0.000000 0.000000 1.000000
0.990920 0.115845 0.068247 0.000000 -0.123493 0.984911 0.121239 11.920300 -0.053173 -0.128566 0.990274 0.000000 0.000000 0.000000 0.000000 1.000000
0.990878 0.115077 0.070134 0.000000 -0.122690 0.985622 0.116173 11.920300 -0.055757 -0.123718 0.990750 0.000000 0.000000 0.000000 0.000000 1.000000
0.990416 0.115641 0.075520 0.000000 -0.123472 0.986351 0.108933 11.920300 -0.061892 -0.117214 0.991176 0.000000 0.000000 0.000000 0.000000 1.000000
0.989475 0.116379 0.085994 0.000000 -0.125082 0.986691 0.103897 11.920300 -0.072758 -0.113560 0.990863 0.000000 0.000000 0.000000 0.000000 1.000000
0.988148 0.119500 0.096353 0.000000 -0.129032 0.986622 0.099643 11.920300 -0.083157 -0.110894 0.990347 0.000000 0.000000 0.000000 0.000000 1.000000
0.987125 0.121111 0.104479 0.000000 -0.131136 0.986793 0.095097 11.920300 -0.091582 -0.107574 0.989970 0.000000 0.000000 0.000000 0.000000 1.000000
0.987192 0.118318 0.107019 0.000000 -0.128648 0.987092 0.095393 11.920300 -0.094351 -0.107939 0.989670 -0.000000 0.000000 0.000000 0.000000 1.000000
0.987861 0.112110 0.107529 0.000000 -0.122820 0.987501 0.098774 11.920300 -0.095111 -0.110782 0.989283 0.000000 0.000000 0.000000 0.000000 1.000000
0.988493 0.105792 0.108122 0.000000 -0.116665 0.988150 0.099741 11.920300 -0.096289 -0.111208 0.989122 0.000000 0.000000 0.000000 0.000000 1.000000
0.988749 0.100595 0.110709 0.000000 -0.111632 0.988859 0.098469 11.920300 -0.099570 -0.109720 0.988963 0.000000 0.000000 0.000000 0.000000 1.000000
0.988738 0.100598 0.110800 0.000000 -0.111532 0.988981 0.097348 11.920300 -0.099786 -0.108610 0.989064 0.000000 0.000000 0.000000 0.000000 1.000000
0.988921 0.099984 0.109724 0.000000 -0.110774 0.989092 0.097087 11.920300 -0.098820 -0.108166 0.989209 -0.000000 0.000000 0.000000 0.000000 1.000000
0.988876 0.098030 0.111866 0.000000 -0.109191 0.989135 0.098432 11.920300 -0.101002 -0.109551 0.988836 0.000000 0.000000 0.000000 0.000000 1.000000
0.988731 0.096658 0.114320 0.000000 -0.108142 0.989201 0.098928 11.920300 -0.103523 -0.110176 0.988506 -0.000000 0.000000 0.000000 0.000000 1.000000
0.988657 0.095174 0.116184 -0.000000 -0.106931 0.989271 0.099540 11.920300 -0.105464 -0.110835 0.988227 0.000000 0.000000 0.000000 0.000000 1.000000
0.988694 0.091865 0.118515 0.000000 -0.104243 0.989220 0.102850 11.920300 -0.107789 -0.114041 0.987611 0.000000 0.000000 0.000000 0.000000 1.000000
0.988472 0.087016 0.123902 -0.000000 -0.100632 0.989019 0.108237 11.920300 -0.113123 -0.119458 0.986374 -0.000000 0.000000 0.000000 0.000000 1.000000
0.989003 0.074993 0.127472 -0.000000 -0.089492 0.989658 0.112106 11.920300 -0.117746 -0.122281 0.985486 -0.000000 0.000000 0.000000 0.000000 1.000000
0.989571 0.066323 0.127868 0.000000 -0.081114 0.990144 0.114172 11.920300 -0.119035 -0.123354 0.985198 0.000000 0.000000 0.000000 0.000000 1.000000
0.990138 0.060379 0.126418 -0.000000 -0.075163 0.990442 0.115648 11.920300 -0.118227 -0.124009 0.985213 0.000000 0.000000 0.000000 0.000000 1.000000
0.990699 0.054704 0.124592 -0.000000 -0.069331 0.990795 0.116268 11.920300 -0.117085 -0.123824 0.985372 0.000000 0.000000 0.000000 0.000000 1.000000
0.991092 0.051426 0.122853 0.000000 -0.065565 0.991319 0.113966 11.920300 -0.115925 -0.121006 0.985860 0.000000 0.000000 0.000000 0.000000 1.000000
0.991557 0.050020 0.119636 0.000000 -0.063156 0.992071 0.108661 11.920300 -0.113252 -0.115299 0.986854 0.000000 0.000000 0.000000 0.000000 1.000000
0.991918 0.048909 0.117078 0.000000 -0.061107 0.992806 0.102967 11.920300 -0.111200 -0.109289 0.987770 0.000000 0.000000 0.000000 0.000000 1.000000
0.992062 0.049376 0.115654 -0.000000 -0.060897 0.993291 0.098304 11.920300 -0.110025 -0.104566 0.988413 0.000000 0.000000 0.000000 0.000000 1.000000
0.992146 0.049235 0.114990 0.000000 -0.060328 0.993640 0.095079 11.920300 -0.109578 -0.101269 0.988806 -0.000000 0.000000 0.000000 0.000000 1.000000
0.992222 0.049184 0.114352 -0.000000 -0.060129 0.993725 0.094314 11.920300 -0.108996 -0.100457 0.988953 0.000000 0.000000 0.000000 0.000000 1.000000
0.992282 0.049251 0.113802 -0.000000 -0.060018 0.993836 0.093212 11.920300 -0.108510 -0.099323 0.989121 0.000000 0.000000 0.000000 0.000000 1.000000
0.992269 0.049220 0.113929 0.000000 -0.060006 0.993831 0.093273 11.920300 -0.108635 -0.099389 0.989101 0.000000 0.000000 0.000000 0.000000 1.000000
0.992411 0.047982 0.113220 -0.000000 -0.058799 0.993813 0.094221 11.920300 -0.107999 -0.100163 0.989092 0.000000 0.000000 0.000000 0.000000 1.000000
0.992470 0.047258 0.113001 0.000000 -0.058140 0.993775 0.095034 11.920300 -0.107806 -0.100888 0.989040 -0.000000 0.000000 0.000000 0.000000 1.000000
0.992524 0.044702 0.113572 -0.000000 -0.055721 0.993841 0.095783 11.920300 -0.108591 -0.101395 0.988902 -0.000000 0.000000 0.000000 0.000000 1.000000
