<?xml version="1.0" encoding="utf-8"?>
<COLLADA xmlns="http://www.collada.org/2005/11/COLLADASchema" version="1.4.1">
  <asset><contributor><author>Mixamo</author><authoring_tool>COLLADA Mixamo exporter</authoring_tool><comments></comments></contributor><created>2021-01-20T14:50:30Z</created><modified>2021-01-20T14:50:30Z</modified><revision></revision><title></title><unit meter="0.010000"/><up_axis>Y_UP</up_axis></asset>
  <library_animations>
    <animation id="mixamorig5_Hips-anim" name="mixamorig5_Hips"><source id="mixamorig5_Hips-Matrix-animation-input"><float_array id="mixamorig5_Hips-Matrix-animation-input-array" count="184">

0.000000 0.033333 0.066667 0.100000 0.133333 0.166667 0.200000 0.233333 0.266667 0.300000 0.333333 0.366667 0.400000 0.433333 0.466667 0.500000
0.533333 0.566667 0.600000 0.633333 0.666667 0.700000 0.733333 0.766667 0.800000 0.833333 0.866667 0.900000 0.933333 0.966667 1.000000 1.033333
1.066667 1.100000 1.133333 1.166667 1.200000 1.233333 1.266667 1.300000 1.333333 1.366667 1.400000 1.433333 1.466667 1.500000 1.533333 1.566667
1.600000 1.633333 1.666667 1.700000 1.733333 1.766667 1.800000 1.833333 1.866667 1.900000 1.933333 1.966667 2.000000 2.033333 2.066667 2.100000
2.133333 2.166667 2.200000 2.233333 2.266667 2.300000 2.333333 2.366667 2.400000 2.433333 2.466667 2.500000 2.533333 2.566667 2.600000 2.633333
2.666667 2.700000 2.733333 2.766667 2.800000 2.833333 2.866667 2.900000 2.933333 2.966667 3.000000 3.033333 3.066667 3.100000 3.133333 3.166667
3.200000 3.233333 3.266667 3.300000 3.333333 3.366667 3.400000 3.433333 3.466667 3.500000 3.533333 3.566667 3.600000 3.633333 3.666667 3.700000
3.733333 3.766667 3.800000 3.833333 3.866667 3.900000 3.933333 3.966667 4.000000 4.033333 4.066667 4.100000 4.133333 4.166667 4.200000 4.233333
4.266667 4.300000 4.333333 4.366667 4.400000 4.433333 4.466667 4.500000 4.533333 4.566667 4.600000 4.633333 4.666667 4.700000 4.733333 4.766667
4.800000 4.833333 4.866667 4.900000 4.933333 4.966667 5.000000 5.033333 5.066667 5.100000 5.133333 5.166667 5.200000 5.233333 5.266667 5.300000
5.333333 5.366667 5.400000 5.433333 5.466667 5.500000 5.533333 5.566667 5.600000 5.633333 5.666667 5.700000 5.733333 5.766667 5.800000 5.833333
5.866667 5.900000 5.933333 5.966667 6.000000 6.033333 6.066667 6.100000</float_array><technique_common><accessor source="#mixamorig5_Hips-Matrix-animation-input-array" count="184"><param name="TIME" type="float"/></accessor></technique_common></source><source id="mixamorig5_Hips-Matrix-animation-output-transform"><float_array id="mixamorig5_Hips-Matrix-animation-output-transform-array" count="2944">

0.941719 -0.026059 -0.335390 0.115693 -0.043595 0.979134 -0.198484 95.476295 0.333564 0.201538 0.920933 -1.883307 0.000000 0.000000 0.000000 1.000000
0.940653 -0.026005 -0.338373 0.124223 -0.044115 0.979230 -0.197893 95.489960 0.336491 0.201076 0.919968 -1.899226 0.000000 0.000000 0.000000 1.000000
0.939506 -0.025935 -0.341549 0.155643 -0.044685 0.979329 -0.197279 95.499222 0.339605 0.200607 0.918926 -1.901328 0.000000 0.000000 0.000000 1.000000
0.938285 -0.025857 -0.344896 0.206235 -0.045289 0.979430 -0.196636 95.503456 0.342885 0.200121 0.917813 -1.890717 0.000000 0.000000 0.000000 1.000000
0.937008 -0.025770 -0.348356 0.269640 -0.045917 0.979535 -0.195969 95.502556 0.346277 0.199620 0.916649 -1.870847 0.000000 0.000000 0.000000 1.000000
0.935684 -0.025668 -0.351903 0.345159 -0.046563 0.979645 -0.195262 95.494232 0.349752 0.199089 0.915444 -1.841812 0.000000 0.000000 0.000000 1.000000
0.934251 -0.025556 -0.355699 0.451995 -0.047239 0.979770 -0.194470 95.469734 0.353473 0.198486 0.914144 -1.789768 0.000000 0.000000 0.000000 1.000000
0.932590 -0.025505 -0.360035 0.619391 -0.047929 0.979916 -0.193566 95.424477 0.357741 0.197774 0.912637 -1.692255 0.000000 0.000000 0.000000 1.000000
0.930661 -0.025579 -0.364987 0.852920 -0.048610 0.980066 -0.192633 95.365372 0.362639 0.197018 0.910866 -1.540860 0.000000 0.000000 0.000000 1.000000
0.928576 -0.025806 -0.370245 1.129927 -0.049236 0.980197 -0.191806 95.305138 0.367862 0.196336 0.908917 -1.347608 0.000000 0.000000 0.000000 1.000000
0.926499 -0.026265 -0.375378 1.431624 -0.049644 0.980310 -0.191121 95.248390 0.373007 0.195708 0.906953 -1.124342 0.000000 0.000000 0.000000 1.000000
0.924502 -0.027072 -0.380216 1.754690 -0.049636 0.980431 -0.190501 95.191704 0.377933 0.194991 0.905067 -0.871446 0.000000 0.000000 0.000000 1.000000
0.922495 -0.028232 -0.384975 2.096410 -0.049281 0.980547 -0.189997 95.136971 0.382850 0.194243 0.903159 -0.585051 0.000000 0.000000 0.000000 1.000000
0.920344 -0.029506 -0.389996 2.446258 -0.049064 0.980563 -0.189973 95.094742 0.388020 0.193975 0.901007 -0.265536 0.000000 0.000000 0.000000 1.000000
0.918057 -0.030558 -0.395269 2.795545 -0.049552 0.980362 -0.190881 95.071632 0.393339 0.194826 0.898514 0.081337 0.000000 0.000000 0.000000 1.000000
0.915849 -0.031291 -0.400303 3.147174 -0.050780 0.979928 -0.192778 95.059135 0.398300 0.196883 0.895876 0.446206 0.000000 0.000000 0.000000 1.000000
0.913931 -0.032018 -0.404606 3.511045 -0.052084 0.979389 -0.195152 95.040520 0.402515 0.199429 0.893426 0.818470 0.000000 0.000000 0.000000 1.000000
0.912271 -0.033152 -0.408244 3.891763 -0.052701 0.978933 -0.197262 95.005280 0.406183 0.201471 0.891305 1.189024 0.000000 0.000000 0.000000 1.000000
0.910733 -0.034593 -0.411544 4.285099 -0.052518 0.978696 -0.198486 94.955681 0.409643 0.202381 0.889514 1.555231 0.000000 0.000000 0.000000 1.000000
0.909564 -0.035450 -0.414050 4.687723 -0.052114 0.978759 -0.198279 94.901230 0.412284 0.201925 0.888396 1.924922 0.000000 0.000000 0.000000 1.000000
0.909558 -0.034554 -0.414138 5.105312 -0.052115 0.979187 -0.196158 94.849274 0.412296 0.199999 0.888826 2.315308 0.000000 0.000000 0.000000 1.000000
0.911392 -0.031569 -0.410326 5.546358 -0.052614 0.979934 -0.192254 94.799088 0.408161 0.196808 0.891443 2.739554 0.000000 0.000000 0.000000 1.000000
0.914699 -0.027580 -0.403193 6.005197 -0.053253 0.980744 -0.187899 94.749062 0.400612 0.193343 0.895617 3.188989 0.000000 0.000000 0.000000 1.000000
0.918146 -0.024485 -0.395485 6.457782 -0.053574 0.981253 -0.185126 94.696167 0.392604 0.191161 0.899622 3.632002 0.000000 0.000000 0.000000 1.000000
0.920632 -0.023503 -0.389723 6.874157 -0.053335 0.981258 -0.185168 94.638542 0.386771 0.191258 0.902125 4.034015 0.000000 0.000000 0.000000 1.000000
0.922266 -0.024230 -0.385795 7.235618 -0.052624 0.980872 -0.187403 94.576241 0.382957 0.193138 0.903350 4.379497 0.000000 0.000000 0.000000 1.000000
0.924072 -0.025051 -0.381396 7.540003 -0.051772 0.980450 -0.189836 94.512917 0.378695 0.195168 0.904710 4.673532 0.000000 0.000000 0.000000 1.000000
0.926773 -0.024598 -0.374817 7.791544 -0.051100 0.980320 -0.190685 94.451385 0.372131 0.195874 0.907277 4.925505 0.000000 0.000000 0.000000 1.000000
0.929998 -0.022834 -0.366854 7.995061 -0.050762 0.980526 -0.189717 94.392738 0.364041 0.195059 0.910728 5.136824 0.000000 0.000000 0.000000 1.000000
0.932796 -0.020891 -0.359799 8.157732 -0.050685 0.980793 -0.188350 94.336258 0.356823 0.193929 0.913821 5.306079 0.000000 0.000000 0.000000 1.000000
0.934668 -0.020059 -0.354955 8.291389 -0.050552 0.980764 -0.188537 94.282677 0.351909 0.194163 0.915675 5.438007 0.000000 0.000000 0.000000 1.000000
0.935892 -0.020812 -0.351672 8.408431 -0.050067 0.980263 -0.191254 94.234764 0.348711 0.196600 0.916378 5.541261 0.000000 0.000000 0.000000 1.000000
0.936934 -0.022601 -0.348775 8.511956 -0.049221 0.979429 -0.195695 94.197762 0.346023 0.200521 0.916547 5.617436 0.000000 0.000000 0.000000 1.000000
0.937809 -0.024463 -0.346290 8.590077 -0.048261 0.978641 -0.199833 94.176788 0.343782 0.204118 0.916597 5.656123 0.000000 0.000000 0.000000 1.000000
0.938140 -0.025766 -0.345295 8.622037 -0.047446 0.978255 -0.201905 94.173500 0.342989 0.205798 0.916518 5.643486 0.000000 0.000000 0.000000 1.000000
0.937729 -0.026468 -0.346357 8.590738 -0.046830 0.978358 -0.201551 94.184013 0.344195 0.205220 0.916196 5.573479 0.000000 0.000000 0.000000 1.000000
0.936875 -0.026795 -0.348637 8.491546 -0.046347 0.978746 -0.199770 94.202065 0.346580 0.203318 0.915720 5.449300 0.000000 0.000000 0.000000 1.000000
0.936130 -0.026844 -0.350627 8.331215 -0.046081 0.979120 -0.197991 94.224060 0.348621 0.201503 0.915347 5.275593 0.000000 0.000000 0.000000 1.000000
0.935850 -0.026561 -0.351397 8.119889 -0.046227 0.979286 -0.197135 94.251373 0.349354 0.200732 0.915237 5.052673 0.000000 0.000000 0.000000 1.000000
0.935998 -0.026005 -0.351044 7.863764 -0.046779 0.979233 -0.197268 94.287933 0.348884 0.201064 0.915343 4.780577 0.000000 0.000000 0.000000 1.000000
0.936338 -0.025455 -0.350177 7.564348 -0.047366 0.979093 -0.197823 94.336220 0.347891 0.201816 0.915556 4.465495 0.000000 0.000000 0.000000 1.000000
0.936696 -0.025189 -0.349237 7.222935 -0.047526 0.979033 -0.198082 94.395256 0.346904 0.202141 0.915859 4.119723 0.000000 0.000000 0.000000 1.000000
0.937061 -0.025248 -0.348253 6.843224 -0.047077 0.979140 -0.197659 94.461311 0.345979 0.201614 0.916325 3.753191 0.000000 0.000000 0.000000 1.000000
0.937520 -0.025389 -0.347003 6.432011 -0.046274 0.979375 -0.196679 94.532303 0.344840 0.200448 0.917009 3.366619 0.000000 0.000000 0.000000 1.000000
0.938132 -0.025367 -0.345348 5.997516 -0.045498 0.979638 -0.195550 94.605377 0.343276 0.199164 0.917875 2.956487 0.000000 0.000000 0.000000 1.000000
0.938790 -0.025139 -0.343573 5.547035 -0.044958 0.979863 -0.194542 94.677773 0.341545 0.198081 0.918755 2.528085 0.000000 0.000000 0.000000 1.000000
0.939215 -0.024893 -0.342426 5.086758 -0.044611 0.980064 -0.193607 94.743584 0.340419 0.197114 0.919381 2.103527 0.000000 0.000000 0.000000 1.000000
0.939143 -0.024808 -0.342631 4.620870 -0.044375 0.980272 -0.192607 94.796295 0.340650 0.196090 0.919514 1.709247 0.000000 0.000000 0.000000 1.000000
0.938577 -0.024814 -0.344176 4.151032 -0.044364 0.980457 -0.191669 94.835228 0.342206 0.195165 0.919133 1.350736 0.000000 0.000000 0.000000 1.000000
0.937850 -0.024622 -0.346167 3.677861 -0.044822 0.980532 -0.191175 94.868523 0.344135 0.194809 0.918488 1.003881 0.000000 0.000000 0.000000 1.000000
0.937374 -0.024034 -0.347495 3.203217 -0.045819 0.980440 -0.191408 94.909203 0.345298 0.195343 0.917938 0.637964 0.000000 0.000000 0.000000 1.000000
0.937396 -0.023211 -0.347492 2.734078 -0.047027 0.980202 -0.192335 94.966736 0.345076 0.196635 0.917746 0.247788 0.000000 0.000000 0.000000 1.000000
0.938030 -0.022585 -0.345816 2.285998 -0.047852 0.979874 -0.193794 95.042877 0.343233 0.198333 0.918071 -0.140309 0.000000 0.000000 0.000000 1.000000
0.939382 -0.022503 -0.342134 1.879765 -0.047821 0.979492 -0.195724 95.130539 0.339522 0.200221 0.919041 -0.493076 0.000000 0.000000 0.000000 1.000000
0.941383 -0.023009 -0.336554 1.527679 -0.046851 0.979085 -0.197983 95.217880 0.334070 0.202145 0.920616 -0.796397 0.000000 0.000000 0.000000 1.000000
0.943557 -0.023898 -0.330346 1.220544 -0.045262 0.978733 -0.200084 95.293510 0.328102 0.203743 0.922409 -1.056802 0.000000 0.000000 0.000000 1.000000
0.945192 -0.024838 -0.325568 0.933583 -0.043660 0.978534 -0.201408 95.346275 0.323582 0.204584 0.923818 -1.283875 0.000000 0.000000 0.000000 1.000000
0.945894 -0.025545 -0.323469 0.646521 -0.042545 0.978525 -0.201688 95.376373 0.321674 0.204537 0.924494 -1.479759 0.000000 0.000000 0.000000 1.000000
0.945843 -0.025633 -0.323610 0.361512 -0.042289 0.978653 -0.201120 95.382378 0.321857 0.203913 0.924569 -1.638956 0.000000 0.000000 0.000000 1.000000
0.945502 -0.024852 -0.324667 0.096083 -0.042956 0.978849 -0.200026 95.363144 0.322771 0.203071 0.924435 -1.757956 0.000000 0.000000 0.000000 1.000000
0.945129 -0.023381 -0.325859 -0.132437 -0.044240 0.979089 -0.198566 95.322594 0.323688 0.202086 0.924331 -1.837926 0.000000 0.000000 0.000000 1.000000
0.944643 -0.021750 -0.327379 -0.313835 -0.045643 0.979387 -0.196770 95.268227 0.324911 0.200820 0.924178 -1.877742 0.000000 0.000000 0.000000 1.000000
0.943870 -0.020421 -0.329686 -0.441068 -0.046794 0.979755 -0.194655 95.207672 0.326986 0.199157 0.923805 -1.870460 0.000000 0.000000 0.000000 1.000000
0.942783 -0.019441 -0.332838 -0.507077 -0.047670 0.980182 -0.192279 95.142136 0.329980 0.197144 0.923173 -1.808483 0.000000 0.000000 0.000000 1.000000
0.941493 -0.018590 -0.336521 -0.507611 -0.048487 0.980620 -0.189826 95.066788 0.333528 0.195037 0.922345 -1.690322 0.000000 0.000000 0.000000 1.000000
0.940115 -0.017843 -0.340390 -0.443243 -0.049327 0.980995 -0.187657 94.973907 0.337269 0.193210 0.921368 -1.520004 0.000000 0.000000 0.000000 1.000000
0.938721 -0.017637 -0.344227 -0.320414 -0.049814 0.981264 -0.186119 94.867531 0.341059 0.191861 0.920254 -1.304021 0.000000 0.000000 0.000000 1.000000
0.937325 -0.018359 -0.347973 -0.147732 -0.049546 0.981443 -0.185242 94.758667 0.344916 0.190872 0.919022 -1.046931 0.000000 0.000000 0.000000 1.000000
0.935896 -0.019760 -0.351722 0.065701 -0.048699 0.981582 -0.184728 94.657364 0.348894 0.190015 0.917697 -0.752759 0.000000 0.000000 0.000000 1.000000
0.934404 -0.020993 -0.355595 0.313328 -0.048067 0.981701 -0.184264 94.565887 0.352956 0.189269 0.916296 -0.426019 0.000000 0.000000 0.000000 1.000000
0.932845 -0.021318 -0.359646 0.595127 -0.048402 0.981783 -0.183739 94.476517 0.357011 0.188808 0.914819 -0.068373 0.000000 0.000000 0.000000 1.000000
0.931166 -0.020947 -0.363994 0.913056 -0.049536 0.981822 -0.183224 94.388580 0.361215 0.188643 0.913202 0.320780 0.000000 0.000000 0.000000 1.000000
0.929168 -0.020900 -0.369066 1.264047 -0.050546 0.981839 -0.182857 94.312515 0.366185 0.188559 0.911238 0.740232 0.000000 0.000000 0.000000 1.000000
0.926682 -0.021904 -0.375208 1.640392 -0.050757 0.981861 -0.182679 94.259903 0.372403 0.188330 0.908762 1.183011 0.000000 0.000000 0.000000 1.000000
0.924023 -0.023442 -0.381618 2.040450 -0.050400 0.981940 -0.182354 94.230408 0.379001 0.187732 0.906154 1.639984 0.000000 0.000000 0.000000 1.000000
0.922161 -0.024058 -0.386057 2.474863 -0.050195 0.982182 -0.181106 94.211411 0.383536 0.186387 0.904522 2.108423 0.000000 0.000000 0.000000 1.000000
0.922035 -0.022748 -0.386438 2.956553 -0.050502 0.982671 -0.178343 94.189682 0.383799 0.183954 0.904908 2.591656 0.000000 0.000000 0.000000 1.000000
0.923512 -0.019962 -0.383050 3.484438 -0.051112 0.983334 -0.174474 94.158768 0.380149 0.180708 0.907101 3.087318 0.000000 0.000000 0.000000 1.000000
0.925335 -0.017167 -0.378762 4.038743 -0.051686 0.983938 -0.170866 94.117706 0.375611 0.177685 0.909585 3.579496 0.000000 0.000000 0.000000 1.000000
0.926239 -0.015538 -0.376616 4.586245 -0.052137 0.984265 -0.168831 94.070374 0.373313 0.176013 0.910855 4.047586 0.000000 0.000000 0.000000 1.000000
0.925953 -0.015245 -0.377330 5.086393 -0.052555 0.984260 -0.168734 94.026947 0.373963 0.176070 0.910577 4.479951 0.000000 0.000000 0.000000 1.000000
0.925100 -0.015774 -0.379395 5.498925 -0.052964 0.984010 -0.170055 94.005577 0.376011 0.177412 0.909473 4.873277 0.000000 0.000000 0.000000 1.000000
0.924378 -0.016691 -0.381114 5.805572 -0.053188 0.983645 -0.172086 94.017059 0.377753 0.179343 0.908371 5.228108 0.000000 0.000000 0.000000 1.000000
0.923969 -0.017871 -0.382049 6.023341 -0.053105 0.983237 -0.174425 94.058617 0.378761 0.181452 0.907532 5.551077 0.000000 0.000000 0.000000 1.000000
0.923674 -0.019310 -0.382691 6.191313 -0.052772 0.982802 -0.176964 94.118347 0.379527 0.183652 0.906770 5.857270 0.000000 0.000000 0.000000 1.000000
0.923319 -0.020970 -0.383462 6.339524 -0.052313 0.982333 -0.179682 94.186188 0.380455 0.185964 0.905909 6.149487 0.000000 0.000000 0.000000 1.000000
0.922917 -0.022777 -0.384325 6.471562 -0.051788 0.981832 -0.182551 94.258919 0.381500 0.188383 0.904969 6.392447 0.000000 0.000000 0.000000 1.000000
0.922559 -0.024657 -0.385067 6.576361 -0.051215 0.981302 -0.185538 94.337875 0.382441 0.190891 0.904046 6.528155 0.000000 0.000000 0.000000 1.000000
0.922287 -0.026585 -0.385591 6.647145 -0.050587 0.980747 -0.188617 94.424156 0.383182 0.193465 0.903185 6.528779 0.000000 0.000000 0.000000 1.000000
0.922074 -0.028530 -0.385959 6.691122 -0.049938 0.980171 -0.191759 94.515656 0.383777 0.196090 0.902366 6.426769 0.000000 0.000000 0.000000 1.000000
0.921889 -0.030463 -0.386255 6.721500 -0.049302 0.979577 -0.194930 94.609581 0.384305 0.198747 0.901559 6.282654 0.000000 0.000000 0.000000 1.000000
0.921731 -0.032430 -0.386472 6.745877 -0.048620 0.978974 -0.198106 94.704216 0.384770 0.201391 0.900774 6.133711 0.000000 0.000000 0.000000 1.000000
0.921621 -0.034367 -0.386567 6.759403 -0.047939 0.978362 -0.201270 94.799530 0.385120 0.204026 0.900031 5.985088 0.000000 0.000000 0.000000 1.000000
0.921591 -0.036125 -0.386478 6.754354 -0.047387 0.977741 -0.204392 94.891953 0.385259 0.206680 0.899366 5.833846 0.000000 0.000000 0.000000 1.000000
0.921687 -0.037735 -0.386095 6.725378 -0.046890 0.977125 -0.207434 94.982178 0.385091 0.209293 0.898833 5.690830 0.000000 0.000000 0.000000 1.000000
0.921924 -0.039224 -0.385380 6.675896 -0.046386 0.976524 -0.210356 95.070335 0.384584 0.211809 0.898461 5.575822 0.000000 0.000000 0.000000 1.000000
0.922267 -0.040554 -0.384420 6.618661 -0.045933 0.975938 -0.213153 95.152878 0.383814 0.214242 0.898213 5.494335 0.000000 0.000000 0.000000 1.000000
0.922672 -0.041722 -0.383321 6.559503 -0.045567 0.975364 -0.215843 95.229111 0.382883 0.216619 0.898040 5.426103 0.000000 0.000000 0.000000 1.000000
0.923154 -0.042535 -0.382070 6.486864 -0.045471 0.974802 -0.218389 95.294411 0.381732 0.218980 0.897958 5.334777 0.000000 0.000000 0.000000 1.000000
0.923904 -0.042797 -0.380224 6.375345 -0.045656 0.974295 -0.220602 95.344238 0.379891 0.221175 0.898201 5.193387 0.000000 0.000000 0.000000 1.000000
0.925296 -0.042600 -0.376847 6.207287 -0.045650 0.973935 -0.222184 95.379829 0.376489 0.222789 0.899234 4.997280 0.000000 0.000000 0.000000 1.000000
0.927643 -0.042298 -0.371066 5.989923 -0.044780 0.973801 -0.222950 95.408325 0.370775 0.223434 0.901445 4.755458 0.000000 0.000000 0.000000 1.000000
0.930847 -0.042064 -0.362981 5.745162 -0.042955 0.973869 -0.223013 95.436378 0.362876 0.223182 0.904716 4.474919 0.000000 0.000000 0.000000 1.000000
0.934286 -0.041642 -0.354084 5.482593 -0.040957 0.974044 -0.222621 95.464157 0.354164 0.222493 0.908331 4.155002 0.000000 0.000000 0.000000 1.000000
0.937097 -0.040794 -0.346677 5.187220 -0.039602 0.974311 -0.221697 95.489639 0.346815 0.221481 0.911408 3.796051 0.000000 0.000000 0.000000 1.000000
0.938618 -0.039940 -0.342638 4.832638 -0.038703 0.974811 -0.219651 95.517242 0.342780 0.219429 0.913429 3.411261 0.000000 0.000000 0.000000 1.000000
0.938695 -0.039963 -0.342424 4.402619 -0.037232 0.975697 -0.215936 95.561546 0.342731 0.215447 0.914395 3.024409 0.000000 0.000000 0.000000 1.000000
0.937789 -0.041247 -0.344746 3.908119 -0.034562 0.976897 -0.210895 95.630753 0.345480 0.209690 0.914699 2.652605 0.000000 0.000000 0.000000 1.000000
0.936835 -0.043021 -0.347116 3.387968 -0.031341 0.978090 -0.205809 95.716568 0.348365 0.203688 0.914961 2.288448 0.000000 0.000000 0.000000 1.000000
0.936769 -0.043992 -0.347173 2.891495 -0.028913 0.978946 -0.202061 95.797646 0.348753 0.199322 0.915774 1.904987 0.000000 0.000000 0.000000 1.000000
0.937914 -0.043514 -0.344127 2.450847 -0.028086 0.979316 -0.200380 95.857094 0.345728 0.197604 0.917292 1.481197 0.000000 0.000000 0.000000 1.000000
0.939778 -0.041967 -0.339200 2.064880 -0.028712 0.979231 -0.200703 95.895111 0.340578 0.198355 0.919055 1.022578 0.000000 0.000000 0.000000 1.000000
0.941532 -0.040060 -0.334533 1.710566 -0.030225 0.978860 -0.202288 95.922989 0.335564 0.200572 0.920417 0.558013 0.000000 0.000000 0.000000 1.000000
0.942683 -0.038108 -0.331507 1.370459 -0.032154 0.978461 -0.203913 95.946022 0.332137 0.202884 0.921153 0.119399 0.000000 0.000000 0.000000 1.000000
0.943284 -0.036052 -0.330024 1.048797 -0.034125 0.978291 -0.204407 95.955597 0.330229 0.204076 0.921576 -0.274930 0.000000 0.000000 0.000000 1.000000
0.943648 -0.033905 -0.329210 0.764931 -0.035796 0.978446 -0.203376 95.937943 0.329010 0.203700 0.922095 -0.622042 0.000000 0.000000 0.000000 1.000000
0.943958 -0.031887 -0.328522 0.534469 -0.037032 0.978807 -0.201409 95.888763 0.327982 0.202287 0.922772 -0.926188 0.000000 0.000000 0.000000 1.000000
0.944149 -0.030216 -0.328130 0.357268 -0.038008 0.979154 -0.199530 95.817970 0.327319 0.200857 0.923319 -1.190418 0.000000 0.000000 0.000000 1.000000
0.944072 -0.028990 -0.328463 0.220388 -0.038982 0.979330 -0.198478 95.742058 0.327428 0.200182 0.923428 -1.414202 0.000000 0.000000 0.000000 1.000000
0.943665 -0.028272 -0.329692 0.110952 -0.039990 0.979297 -0.198438 95.674423 0.328477 0.200443 0.922998 -1.595960 0.000000 0.000000 0.000000 1.000000
0.942973 -0.028110 -0.331680 0.026574 -0.040845 0.979127 -0.199103 95.622147 0.330354 0.201296 0.922142 -1.736393 0.000000 0.000000 0.000000 1.000000
0.942050 -0.028358 -0.334271 -0.024826 -0.041437 0.978954 -0.199829 95.588226 0.332903 0.202100 0.921049 -1.838915 0.000000 0.000000 0.000000 1.000000
0.940899 -0.028575 -0.337479 -0.033137 -0.041976 0.978913 -0.199918 95.570953 0.336075 0.202269 0.919859 -1.907376 0.000000 0.000000 0.000000 1.000000
0.939507 -0.028315 -0.341357 0.006519 -0.042821 0.979050 -0.199065 95.563950 0.339842 0.201641 0.918612 -1.943036 0.000000 0.000000 0.000000 1.000000
0.937911 -0.027503 -0.345784 0.093739 -0.044115 0.979300 -0.197550 95.555595 0.344059 0.200539 0.917283 -1.943262 0.000000 0.000000 0.000000 1.000000
0.936198 -0.026489 -0.350474 0.226528 -0.045637 0.979553 -0.195941 95.532166 0.348499 0.199434 0.915847 -1.903090 0.000000 0.000000 0.000000 1.000000
0.934430 -0.025734 -0.355217 0.402249 -0.046995 0.979756 -0.194602 95.486671 0.353034 0.198535 0.914304 -1.819650 0.000000 0.000000 0.000000 1.000000
0.932593 -0.025462 -0.360030 0.615483 -0.047961 0.979920 -0.193536 95.426117 0.357729 0.197758 0.912646 -1.695632 0.000000 0.000000 0.000000 1.000000
0.930637 -0.025554 -0.365051 0.859856 -0.048646 0.980067 -0.192621 95.362938 0.362697 0.197019 0.910843 -1.536537 0.000000 0.000000 0.000000 1.000000
0.928575 -0.025822 -0.370245 1.131273 -0.049226 0.980195 -0.191820 95.304520 0.367866 0.196345 0.908913 -1.346385 0.000000 0.000000 0.000000 1.000000
0.926508 -0.026277 -0.375356 1.429503 -0.049629 0.980310 -0.191128 95.249077 0.372988 0.195710 0.906961 -1.125554 0.000000 0.000000 0.000000 1.000000
0.924504 -0.027069 -0.380211 1.753809 -0.049637 0.980432 -0.190497 95.192062 0.377927 0.194988 0.905069 -0.872127 0.000000 0.000000 0.000000 1.000000
0.922493 -0.028227 -0.384981 2.096911 -0.049286 0.980547 -0.189994 95.136818 0.382855 0.194242 0.903157 -0.584804 0.000000 0.000000 0.000000 1.000000
0.920342 -0.029506 -0.389999 2.446670 -0.049065 0.980562 -0.189973 95.094681 0.388024 0.193976 0.901006 -0.265213 0.000000 0.000000 0.000000 1.000000
0.918057 -0.030560 -0.395269 2.795475 -0.049551 0.980361 -0.190882 95.071632 0.393340 0.194827 0.898514 0.081334 0.000000 0.000000 0.000000 1.000000
0.915849 -0.031292 -0.400301 3.147043 -0.050779 0.979928 -0.192778 95.059189 0.398298 0.196883 0.895877 0.446100 0.000000 0.000000 0.000000 1.000000
0.913930 -0.032018 -0.404606 3.511032 -0.052085 0.979389 -0.195151 95.040520 0.402515 0.199429 0.893426 0.818446 0.000000 0.000000 0.000000 1.000000
0.912271 -0.033152 -0.408244 3.891787 -0.052701 0.978933 -0.197261 95.005280 0.406183 0.201471 0.891305 1.189055 0.000000 0.000000 0.000000 1.000000
0.910733 -0.034593 -0.411544 4.285124 -0.052518 0.978696 -0.198486 94.955650 0.409643 0.202381 0.889514 1.555225 0.000000 0.000000 0.000000 1.000000
0.909564 -0.035450 -0.414050 4.687709 -0.052114 0.978759 -0.198279 94.901390 0.412284 0.201925 0.888396 1.924938 0.000000 0.000000 0.000000 1.000000
0.909558 -0.034554 -0.414138 5.105297 -0.052115 0.979187 -0.196158 94.849274 0.412296 0.199999 0.888826 2.315299 0.000000 0.000000 0.000000 1.000000
0.911393 -0.031569 -0.410326 5.546369 -0.052613 0.979934 -0.192254 94.799080 0.408161 0.196807 0.891443 2.739546 0.000000 0.000000 0.000000 1.000000
0.914699 -0.027580 -0.403193 6.005198 -0.053253 0.980744 -0.187899 94.749062 0.400612 0.193343 0.895616 3.188985 0.000000 0.000000 0.000000 1.000000
0.918146 -0.024485 -0.395486 6.457772 -0.053574 0.981253 -0.185127 94.696167 0.392604 0.191161 0.899622 3.632012 0.000000 0.000000 0.000000 1.000000
0.920632 -0.023503 -0.389723 6.874154 -0.053335 0.981258 -0.185168 94.638550 0.386771 0.191258 0.902124 4.034017 0.000000 0.000000 0.000000 1.000000
0.922266 -0.024230 -0.385795 7.235613 -0.052624 0.980872 -0.187403 94.576256 0.382957 0.193138 0.903350 4.379493 0.000000 0.000000 0.000000 1.000000
0.924072 -0.025050 -0.381396 7.540016 -0.051773 0.980450 -0.189836 94.512909 0.378695 0.195168 0.904709 4.673522 0.000000 0.000000 0.000000 1.000000
0.926773 -0.024598 -0.374817 7.791554 -0.051100 0.980320 -0.190685 94.451393 0.372131 0.195874 0.907277 4.925510 0.000000 0.000000 0.000000 1.000000
0.929998 -0.022834 -0.366854 7.995072 -0.050763 0.980526 -0.189717 94.392654 0.364041 0.195059 0.910728 5.136813 0.000000 0.000000 0.000000 1.000000
0.932796 -0.020891 -0.359799 8.157735 -0.050684 0.980793 -0.188350 94.336258 0.356823 0.193928 0.913821 5.306074 0.000000 0.000000 0.000000 1.000000
0.934668 -0.020059 -0.354955 8.291389 -0.050552 0.980764 -0.188537 94.282677 0.351909 0.194163 0.915675 5.438007 0.000000 0.000000 0.000000 1.000000
0.935892 -0.020812 -0.351672 8.408431 -0.050067 0.980263 -0.191254 94.234764 0.348711 0.196600 0.916378 5.541261 0.000000 0.000000 0.000000 1.000000
0.936934 -0.022601 -0.348775 8.511948 -0.049221 0.979429 -0.195695 94.197762 0.346023 0.200521 0.916547 5.617437 0.000000 0.000000 0.000000 1.000000
0.937809 -0.024463 -0.346290 8.590084 -0.048261 0.978641 -0.199833 94.176819 0.343782 0.204118 0.916597 5.656127 0.000000 0.000000 0.000000 1.000000
0.938140 -0.025766 -0.345295 8.622037 -0.047446 0.978255 -0.201905 94.173500 0.342989 0.205798 0.916518 5.643486 0.000000 0.000000 0.000000 1.000000
0.937729 -0.026468 -0.346357 8.590738 -0.046830 0.978358 -0.201551 94.184029 0.344195 0.205220 0.916196 5.573478 0.000000 0.000000 0.000000 1.000000
0.936875 -0.026795 -0.348638 8.491550 -0.046348 0.978746 -0.199770 94.202087 0.346580 0.203318 0.915720 5.449297 0.000000 0.000000 0.000000 1.000000
0.936130 -0.026844 -0.350627 8.331224 -0.046081 0.979120 -0.197991 94.224060 0.348621 0.201503 0.915347 5.275592 0.000000 0.000000 0.000000 1.000000
0.935850 -0.026561 -0.351397 8.119891 -0.046227 0.979286 -0.197134 94.251373 0.349354 0.200732 0.915237 5.052670 0.000000 0.000000 0.000000 1.000000
0.935998 -0.026005 -0.351044 7.863753 -0.046779 0.979233 -0.197268 94.287933 0.348884 0.201064 0.915343 4.780581 0.000000 0.000000 0.000000 1.000000
0.936338 -0.025455 -0.350177 7.564353 -0.047366 0.979093 -0.197823 94.336205 0.347891 0.201816 0.915556 4.465494 0.000000 0.000000 0.000000 1.000000
0.936696 -0.025189 -0.349237 7.222919 -0.047525 0.979033 -0.198082 94.395264 0.346904 0.202140 0.915859 4.119722 0.000000 0.000000 0.000000 1.000000
0.937061 -0.025248 -0.348253 6.843212 -0.047077 0.979140 -0.197659 94.461311 0.345979 0.201613 0.916325 3.753188 0.000000 0.000000 0.000000 1.000000
0.937520 -0.025389 -0.347003 6.431997 -0.046274 0.979375 -0.196679 94.532295 0.344840 0.200448 0.917009 3.366621 0.000000 0.000000 0.000000 1.000000
0.938132 -0.025367 -0.345348 5.997524 -0.045497 0.979638 -0.195550 94.605354 0.343276 0.199164 0.917875 2.956504 0.000000 0.000000 0.000000 1.000000
0.938789 -0.025140 -0.343573 5.547065 -0.044958 0.979863 -0.194542 94.677757 0.341545 0.198080 0.918755 2.528080 0.000000 0.000000 0.000000 1.000000
0.939215 -0.024893 -0.342426 5.086750 -0.044611 0.980064 -0.193607 94.743568 0.340419 0.197114 0.919381 2.103514 0.000000 0.000000 0.000000 1.000000
0.939143 -0.024808 -0.342631 4.620790 -0.044376 0.980272 -0.192607 94.796280 0.340650 0.196090 0.919514 1.709239 0.000000 0.000000 0.000000 1.000000
0.938577 -0.024813 -0.344177 4.151037 -0.044365 0.980457 -0.191668 94.835182 0.342206 0.195165 0.919133 1.350755 0.000000 0.000000 0.000000 1.000000
0.937850 -0.024622 -0.346167 3.678081 -0.044822 0.980532 -0.191175 94.868530 0.344135 0.194809 0.918488 1.003966 0.000000 0.000000 0.000000 1.000000
0.937374 -0.024036 -0.347496 3.203375 -0.045818 0.980440 -0.191410 94.909149 0.345299 0.195344 0.917937 0.637996 0.000000 0.000000 0.000000 1.000000
0.937396 -0.023212 -0.347490 2.733496 -0.047026 0.980202 -0.192334 94.966736 0.345075 0.196634 0.917746 0.247542 0.000000 0.000000 0.000000 1.000000
0.938032 -0.022579 -0.345811 2.285116 -0.047856 0.979875 -0.193791 95.042679 0.343227 0.198332 0.918074 -0.140527 0.000000 0.000000 0.000000 1.000000
0.939381 -0.022497 -0.342137 1.880842 -0.047827 0.979492 -0.195723 95.130402 0.339524 0.200222 0.919040 -0.492483 0.000000 0.000000 0.000000 1.000000
0.941377 -0.023022 -0.336570 1.531091 -0.046843 0.979084 -0.197989 95.218445 0.334088 0.202149 0.920609 -0.795273 0.000000 0.000000 0.000000 1.000000
0.943556 -0.023924 -0.330348 1.219466 -0.045239 0.978732 -0.200095 95.294220 0.328109 0.203745 0.922406 -1.057877 0.000000 0.000000 0.000000 1.000000
0.945208 -0.024820 -0.325523 0.922834 -0.043664 0.978536 -0.201395 95.345367 0.323535 0.204574 0.923837 -1.287848 0.000000 0.000000 0.000000 1.000000
0.945896 -0.025472 -0.323468 0.649764 -0.042611 0.978528 -0.201660 95.374596 0.321660 0.204533 0.924501 -1.476508 0.000000 0.000000 0.000000 1.000000
0.945712 -0.025797 -0.323979 0.439969 -0.042245 0.978631 -0.201239 95.389893 0.322247 0.204001 0.924414 -1.609898 0.000000 0.000000 0.000000 1.000000
0.945081 -0.025909 -0.325807 0.308313 -0.042335 0.978751 -0.200637 95.402443 0.324082 0.203411 0.923902 -1.695414 0.000000 0.000000 0.000000 1.000000
0.944338 -0.025969 -0.327949 0.227661 -0.042570 0.978852 -0.200091 95.418854 0.326210 0.202915 0.923262 -1.757200 0.000000 0.000000 0.000000 1.000000
0.943557 -0.026026 -0.330187 0.170649 -0.042840 0.978944 -0.199584 95.438370 0.328429 0.202464 0.922574 -1.809761 0.000000 0.000000 0.000000 1.000000
0.942691 -0.026061 -0.332648 0.131874 -0.043174 0.979038 -0.199052 95.458092 0.330863 0.202006 0.921804 -1.852974 0.000000 0.000000 0.000000 1.000000
0.941719 -0.026061 -0.335390 0.115676 -0.043594 0.979134 -0.198484 95.476357 0.333564 0.201537 0.920933 -1.883334 0.000000 0.000000 0.000000 1.000000</float_array><technique_common><accessor source="#mixamorig5_Hips-Matrix-animation-output-transform-array" count="184" stride="16"><param type="float4x4"/></accessor></technique_common></source><source id="mixamorig5_Hips-Interpolations"><Name_array id="mixamorig5_Hips-Interpolations-array" count="184">
 LINEAR LINEAR LINEAR LINEAR LINEAR LINEAR LINEAR LINEAR LINEAR LINEAR LINEAR
LINEAR LINEAR LINEAR LINEAR LINEAR LINEAR LINEAR LINEAR LINEAR LINEAR LINEAR LINEAR
LINEAR LINEAR LINEAR LINEAR LINEAR LINEAR LINEAR LINEAR LINEAR LINEAR LINEAR LINEAR
LINEAR LINEAR LINEAR LINEAR LINEAR LINEAR LINEAR LINEAR LINEAR LINEAR LINEAR LINEAR
LINEAR LINEAR LINEAR LINEAR LINEAR LINEAR LINEAR LINEAR LINEAR LINEAR LINEAR LINEAR
LINEAR LINEAR LINEAR LINEAR LINEAR LINEAR LINEAR LINEAR LINEAR LINEAR LINEAR LINEAR
LINEAR LINEAR LINEAR LINEAR LINEAR LINEAR LINEAR LINEAR LINEAR LINEAR LINEAR LINEAR
LINEAR LINEAR LINEAR LINEAR LINEAR LINEAR LINEAR LINEAR LINEAR LINEAR LINEAR LINEAR
LINEAR LINEAR LINEAR LINEAR LINEAR LINEAR LINEAR LINEAR LINEAR LINEAR LINEAR LINEAR
LINEAR LINEAR LINEAR LINEAR LINEAR LINEAR LINEAR LINEAR LINEAR LINEAR LINEAR LINEAR
LINEAR LINEAR LINEAR LINEAR LINEAR LINEAR LINEAR LINEAR LINEAR LINEAR LINEAR LINEAR
LINEAR LINEAR LINEAR LINEAR LINEAR LINEAR LINEAR LINEAR LINEAR LINEAR LINEAR LINEAR
LINEAR LINEAR LINEAR LINEAR LINEAR LINEAR LINEAR LINEAR LINEAR LINEAR LINEAR LINEAR
LINEAR LINEAR LINEAR LINEAR LINEAR LINEAR LINEAR LINEAR LINEAR LINEAR LINEAR LINEAR
LINEAR LINEAR LINEAR LINEAR LINEAR LINEAR LINEAR LINEAR LINEAR LINEAR LINEAR LINEAR
LINEAR LINEAR LINEAR LINEAR LINEAR</Name_array><technique_common><accessor source="#mixamorig5_Hips-Interpolations-array" count="184"><param type="name"/></accessor></technique_common></source><sampler id="mixamorig5_Hips-Matrix-animation-transform"><input semantic="INPUT" source="#mixamorig5_Hips-Matrix-animation-input"/><input semantic="OUTPUT" source="#mixamorig5_Hips-Matrix-animation-output-transform"/><input semantic="INTERPOLATION" source="#mixamorig5_Hips-Interpolations"/></sampler><channel source="#mixamorig5_Hips-Matrix-animation-transform" target="mixamorig5_Hips/matrix"/></animation>
    <animation id="mixamorig5_Spine-anim" name="mixamorig5_Spine"><source id="mixamorig5_Spine-Matrix-animation-input"><float_array id="mixamorig5_Spine-Matrix-animation-input-array" count="184">

0.000000 0.033333 0.066667 0.100000 0.133333 0.166667 0.200000 0.233333 0.266667 0.300000 0.333333 0.366667 0.400000 0.433333 0.466667 0.500000
0.533333 0.566667 0.600000 0.633333 0.666667 0.700000 0.733333 0.766667 0.800000 0.833333 0.866667 0.900000 0.933333 0.966667 1.000000 1.033333
1.066667 1.100000 1.133333 1.166667 1.200000 1.233333 1.266667 1.300000 1.333333 1.366667 1.400000 1.433333 1.466667 1.500000 1.533333 1.566667
1.600000 1.633333 1.666667 1.700000 1.733333 1.766667 1.800000 1.833333 1.866667 1.900000 1.933333 1.966667 2.000000 2.033333 2.066667 2.100000
2.133333 2.166667 2.200000 2.233333 2.266667 2.300000 2.333333 2.366667 2.400000 2.433333 2.466667 2.500000 2.533333 2.566667 2.600000 2.633333
2.666667 2.700000 2.733333 2.766667 2.800000 2.833333 2.866667 2.900000 2.933333 2.966667 3.000000 3.033333 3.066667 3.100000 3.133333 3.166667
3.200000 3.233333 3.266667 3.300000 3.333333 3.366667 3.400000 3.433333 3.466667 3.500000 3.533333 3.566667 3.600000 3.633333 3.666667 3.700000
3.733333 3.766667 3.800000 3.833333 3.866667 3.900000 3.933333 3.966667 4.000000 4.033333 4.066667 4.100000 4.133333 4.166667 4.200000 4.233333
4.266667 4.300000 4.333333 4.366667 4.400000 4.433333 4.466667 4.500000 4.533333 4.566667 4.600000 4.633333 4.666667 4.700000 4.733333 4.766667
4.800000 4.833333 4.866667 4.900000 4.933333 4.966667 5.000000 5.033333 5.066667 5.100000 5.133333 5.166667 5.200000 5.233333 5.266667 5.300000
5.333333 5.366667 5.400000 5.433333 5.466667 5.500000 5.533333 5.566667 5.600000 5.633333 5.666667 5.700000 5.733333 5.766667 5.800000 5.833333
5.866667 5.900000 5.933333 5.966667 6.000000 6.033333 6.066667 6.100000</float_array><technique_common><accessor source="#mixamorig5_Spine-Matrix-animation-input-array" count="184"><param name="TIME" type="float"/></accessor></technique_common></source><source id="mixamorig5_Spine-Matrix-animation-output-transform"><float_array id="mixamorig5_Spine-Matrix-animation-output-transform-array" count="2944">

0.999695 -0.021130 -0.012783 0.000000 0.022258 0.995163 0.095679 8.836100 0.010699 -0.095934 0.995330 -1.360800 0.000000 0.000000 0.000000 1.000000
0.999704 -0.021495 -0.011370 -0.000000 0.022490 0.995113 0.096150 8.836100 0.009248 -0.096377 0.995302 -1.360800 0.000000 0.000000 0.000000 1.000000
0.999709 -0.021815 -0.010267 -0.000000 0.022706 0.995069 0.096546 8.836100 0.008111 -0.096751 0.995276 -1.360800 0.000000 0.000000 0.000000 1.000000
0.999709 -0.022094 -0.009683 0.000000 0.022929 0.995038 0.096817 8.836100 0.007496 -0.097011 0.995255 -1.360800 0.000000 0.000000 0.000000 1.000000
0.999703 -0.022405 -0.009537 0.000000 0.023225 0.995015 0.096980 8.836100 0.007317 -0.097173 0.995241 -1.360800 0.000000 0.000000 0.000000 1.000000
0.999693 -0.022867 -0.009542 0.000000 0.023686 0.994993 0.097097 8.836100 0.007273 -0.097293 0.995229 -1.360800 0.000000 0.000000 0.000000 1.000000
0.999678 -0.023510 -0.009582 -0.000000 0.024331 0.994969 0.097182 8.836100 0.007249 -0.097384 0.995221 -1.360800 0.000000 0.000000 0.000000 1.000000
0.999659 -0.024184 -0.009813 0.000000 0.025025 0.994952 0.097186 8.836100 0.007413 -0.097399 0.995218 -1.360800 0.000000 0.000000 0.000000 1.000000
0.999642 -0.024681 -0.010347 0.000000 0.025570 0.994947 0.097092 8.836100 0.007898 -0.097322 0.995222 -1.360800 0.000000 0.000000 0.000000 1.000000
0.999630 -0.024847 -0.011051 0.000000 0.025803 0.994952 0.096975 8.836100 0.008585 -0.097225 0.995225 -1.360800 0.000000 0.000000 0.000000 1.000000
0.999629 -0.024640 -0.011639 0.000000 0.025654 0.994956 0.096974 8.836100 0.009191 -0.097236 0.995219 -1.360800 0.000000 0.000000 0.000000 1.000000
0.999637 -0.024190 -0.011881 0.000000 0.025232 0.994944 0.097208 8.836100 0.009470 -0.097472 0.995193 -1.360800 0.000000 0.000000 0.000000 1.000000
0.999649 -0.023757 -0.011736 0.000000 0.024792 0.994904 0.097734 8.836100 0.009354 -0.097991 0.995143 -1.360800 0.000000 0.000000 0.000000 1.000000
0.999658 -0.023561 -0.011327 0.000000 0.024564 0.994829 0.098553 8.836100 0.008946 -0.098797 0.995067 -1.360800 0.000000 0.000000 0.000000 1.000000
0.999663 -0.023599 -0.010822 0.000000 0.024561 0.994722 0.099627 8.836100 0.008414 -0.099859 0.994966 -1.360800 0.000000 0.000000 0.000000 1.000000
0.999668 -0.023611 -0.010329 0.000000 0.024533 0.994596 0.100882 8.836100 0.007892 -0.101102 0.994845 -1.360800 0.000000 0.000000 0.000000 1.000000
0.999681 -0.023255 -0.009869 0.000000 0.024142 0.994473 0.102177 8.836100 0.007438 -0.102383 0.994717 -1.360800 0.000000 0.000000 0.000000 1.000000
0.999705 -0.022388 -0.009454 0.000000 0.023246 0.994380 0.103291 8.836100 0.007089 -0.103480 0.994606 -1.360800 0.000000 0.000000 0.000000 1.000000
0.999733 -0.021209 -0.009179 -0.000000 0.022049 0.994337 0.103961 8.836100 0.006922 -0.104136 0.994539 -1.360800 0.000000 0.000000 0.000000 1.000000
0.999755 -0.020124 -0.009242 -0.000000 0.020977 0.994358 0.103984 8.836100 0.007097 -0.104152 0.994536 -1.360800 0.000000 0.000000 0.000000 1.000000
0.999762 -0.019485 -0.009838 -0.000000 0.020398 0.994437 0.103338 8.836100 0.007770 -0.103514 0.994598 -1.360800 0.000000 0.000000 0.000000 1.000000
0.999752 -0.019358 -0.011001 -0.000000 0.020382 0.994550 0.102246 8.836100 0.008962 -0.102445 0.994698 -1.360800 0.000000 0.000000 0.000000 1.000000
0.999731 -0.019539 -0.012520 0.000000 0.020707 0.994660 0.101103 8.836100 0.010478 -0.101335 0.994797 -1.360800 0.000000 0.000000 0.000000 1.000000
0.999707 -0.019725 -0.014043 0.000000 0.021035 0.994738 0.100268 8.836100 0.011992 -0.100534 0.994861 -1.360800 0.000000 0.000000 0.000000 1.000000
0.999689 -0.019714 -0.015271 0.000000 0.021143 0.994778 0.099846 8.836100 0.013223 -0.100138 0.994886 -1.360800 0.000000 0.000000 0.000000 1.000000
0.999681 -0.019472 -0.016100 0.000000 0.020981 0.994806 0.099598 8.836100 0.014077 -0.099904 0.994897 -1.360800 0.000000 0.000000 0.000000 1.000000
0.999680 -0.019084 -0.016579 0.000000 0.020636 0.994863 0.099101 8.836100 0.014603 -0.099411 0.994939 -1.360800 0.000000 0.000000 0.000000 1.000000
0.999687 -0.018583 -0.016779 0.000000 0.020141 0.994975 0.098072 8.836100 0.014873 -0.098380 0.995038 -1.360800 0.000000 0.000000 0.000000 1.000000
0.999700 -0.017898 -0.016714 0.000000 0.019432 0.995129 0.096650 8.836100 0.014903 -0.096946 0.995178 -1.360800 0.000000 0.000000 0.000000 1.000000
0.999721 -0.017041 -0.016377 -0.000000 0.018528 0.995269 0.095377 8.836100 0.014675 -0.095654 0.995306 -1.360800 0.000000 0.000000 0.000000 1.000000
0.999743 -0.016215 -0.015844 0.000000 0.017647 0.995333 0.094868 8.836100 0.014232 -0.095123 0.995364 -1.360800 0.000000 0.000000 0.000000 1.000000
0.999760 -0.015726 -0.015284 -0.000000 0.017114 0.995295 0.095363 8.836100 0.013712 -0.095602 0.995325 -1.360800 0.000000 0.000000 0.000000 1.000000
0.999766 -0.015742 -0.014857 0.000000 0.017104 0.995184 0.096518 8.836100 0.013266 -0.096750 0.995220 -1.360800 0.000000 0.000000 0.000000 1.000000
0.999764 -0.016099 -0.014598 0.000000 0.017448 0.995073 0.097593 8.836100 0.012955 -0.097824 0.995119 -1.360800 0.000000 0.000000 0.000000 1.000000
0.999762 -0.016374 -0.014409 -0.000000 0.017708 0.995037 0.097917 8.836100 0.012734 -0.098149 0.995090 -1.360800 0.000000 0.000000 0.000000 1.000000
0.999769 -0.016144 -0.014176 0.000000 0.017448 0.995103 0.097291 8.836100 0.012536 -0.097516 0.995155 -1.360800 0.000000 0.000000 0.000000 1.000000
0.999788 -0.015214 -0.013881 0.000000 0.016478 0.995241 0.096037 8.836100 0.012354 -0.096245 0.995281 -1.360800 0.000000 0.000000 0.000000 1.000000
