<?xml version="1.0" encoding="utf-8"?>
<COLLADA xmlns="http://www.collada.org/2005/11/COLLADASchema" version="1.4.1">
  <asset><contributor><author>Mixamo</author><authoring_tool>COLLADA Mixamo exporter</authoring_tool><comments></comments></contributor><created>2021-01-20T14:51:36Z</created><modified>2021-01-20T14:51:36Z</modified><revision></revision><title></title><unit meter="0.010000"/><up_axis>Y_UP</up_axis></asset>
  <library_animations>
    <animation id="mixamorig5_Hips-anim" name="mixamorig5_Hips"><source id="mixamorig5_Hips-Matrix-animation-input"><float_array id="mixamorig5_Hips-Matrix-animation-input-array" count="80">

0.000000 0.033333 0.066667 0.100000 0.133333 0.166667 0.200000 0.233333 0.266667 0.300000 0.333333 0.366667 0.400000 0.433333 0.466667 0.500000
0.533333 0.566667 0.600000 0.633333 0.666667 0.700000 0.733333 0.766667 0.800000 0.833333 0.866667 0.900000 0.933333 0.966667 1.000000 1.033333
1.066667 1.100000 1.133333 1.166667 1.200000 1.233333 1.266667 1.300000 1.333333 1.366667 1.400000 1.433333 1.466667 1.500000 1.533333 1.566667
1.600000 1.633333 1.666667 1.700000 1.733333 1.766667 1.800000 1.833333 1.866667 1.900000 1.933333 1.966667 2.000000 2.033333 2.066667 2.100000
2.133333 2.166667 2.200000 2.233333 2.266667 2.300000 2.333333 2.366667 2.400000 2.433333 2.466667 2.500000 2.533333 2.566667 2.600000 2.633333</float_array><technique_common><accessor source="#mixamorig5_Hips-Matrix-animation-input-array" count="80"><param name="TIME" type="float"/></accessor></technique_common></source><source id="mixamorig5_Hips-Matrix-animation-output-transform"><float_array id="mixamorig5_Hips-Matrix-animation-output-transform-array" count="1280">

0.945679 -0.002998 -0.325087 0.555466 -0.063079 0.979262 -0.192527 96.662193 0.318923 0.202575 0.925879 -1.615080 0.000000 0.000000 0.000000 1.000000
0.947878 -0.000421 -0.318634 0.261318 -0.065630 0.978299 -0.196530 97.135826 0.311802 0.207198 0.927280 -1.748062 0.000000 0.000000 0.000000 1.000000
0.949788 -0.000157 -0.312895 -0.049649 -0.065802 0.977537 -0.200231 97.562492 0.305897 0.210766 0.928442 -1.899348 0.000000 0.000000 0.000000 1.000000
0.950436 -0.001259 -0.310919 -0.492150 -0.064092 0.977722 -0.199879 97.966080 0.304244 0.209900 0.929181 -2.172467 0.000000 0.000000 0.000000 1.000000
0.947865 -0.004359 -0.318642 -1.065153 -0.059617 0.979827 -0.190748 98.288322 0.313045 0.199800 0.928484 -2.457327 0.000000 0.000000 0.000000 1.000000
0.939782 -0.013141 -0.341521 -1.742754 -0.048137 0.984210 -0.170332 98.426437 0.338367 0.176514 0.924311 -2.615169 0.000000 0.000000 0.000000 1.000000
0.924001 -0.027754 -0.381381 -2.433738 -0.028269 0.989676 -0.140509 98.322701 0.381343 0.140612 0.913677 -2.498455 0.000000 0.000000 0.000000 1.000000
0.900447 -0.042901 -0.432845 -3.025043 -0.001537 0.994804 -0.101797 97.985031 0.434963 0.092328 0.895702 -1.988160 0.000000 0.000000 0.000000 1.000000
0.866769 -0.056461 -0.495503 -3.476325 0.028089 0.997520 -0.064528 97.497925 0.497918 0.042013 0.866206 -1.019638 0.000000 0.000000 0.000000 1.000000
0.805014 -0.063898 -0.589805 -4.121030 0.052543 0.997955 -0.036401 96.967415 0.590925 -0.001687 0.806725 0.266455 0.000000 0.000000 0.000000 1.000000
0.724199 -0.072829 -0.685734 -4.886326 0.078203 0.996666 -0.023262 96.658188 0.685142 -0.036780 0.727480 2.032377 0.000000 0.000000 0.000000 1.000000
0.678185 -0.103206 -0.727609 -4.999004 0.107583 0.993366 -0.040626 96.645523 0.726974 -0.050726 0.684788 3.958846 0.000000 0.000000 0.000000 1.000000
0.643300 -0.135584 -0.753513 -4.996624 0.140930 0.988347 -0.057522 96.743767 0.752532 -0.069188 0.654911 5.787519 0.000000 0.000000 0.000000 1.000000
0.608194 -0.157208 -0.778066 -5.018679 0.169585 0.983295 -0.066114 96.644997 0.775462 -0.091738 0.624694 7.362620 0.000000 0.000000 0.000000 1.000000
0.578074 -0.175497 -0.796889 -5.016518 0.194135 0.978135 -0.074585 96.438507 0.792554 -0.111588 0.599505 8.725586 0.000000 0.000000 0.000000 1.000000
0.558758 -0.193807 -0.806367 -4.908380 0.215092 0.972906 -0.084790 96.316872 0.800952 -0.126066 0.585306 9.826853 0.000000 0.000000 0.000000 1.000000
0.547130 -0.209742 -0.810343 -4.740135 0.229154 0.968645 -0.095995 96.174423 0.805070 -0.133171 0.578038 10.577309 0.000000 0.000000 0.000000 1.000000
0.538830 -0.220107 -0.813151 -4.519917 0.232032 0.966703 -0.107916 96.006882 0.809829 -0.130528 0.571961 11.067402 0.000000 0.000000 0.000000 1.000000
0.537112 -0.226327 -0.812580 -4.176379 0.227440 0.966510 -0.118864 95.977188 0.812270 -0.120970 0.570600 11.470467 0.000000 0.000000 0.000000 1.000000
0.545531 -0.230282 -0.805833 -3.673260 0.219238 0.967240 -0.127988 96.064423 0.808907 -0.106848 0.578146 11.821713 0.000000 0.000000 0.000000 1.000000
0.569877 -0.229682 -0.788978 -3.082455 0.206054 0.969409 -0.133375 96.134460 0.795476 -0.086564 0.599771 12.102440 0.000000 0.000000 0.000000 1.000000
0.622236 -0.218986 -0.751577 -2.582280 0.186913 0.973869 -0.129008 96.280800 0.760188 -0.060206 0.646908 12.289518 0.000000 0.000000 0.000000 1.000000
0.705153 -0.196156 -0.681383 -2.311852 0.164911 0.979991 -0.111455 96.713585 0.689611 -0.033775 0.723392 12.354445 0.000000 0.000000 0.000000 1.000000
0.806114 -0.162814 -0.568921 -2.129865 0.137893 0.986622 -0.086968 97.388443 0.575469 -0.008344 0.817781 12.404182 0.000000 0.000000 0.000000 1.000000
0.904039 -0.123355 -0.409264 -2.010192 0.104517 0.992183 -0.068180 98.091515 0.414475 0.018862 0.909865 12.427168 0.000000 0.000000 0.000000 1.000000
0.973608 -0.087029 -0.210984 -2.133525 0.074487 0.994989 -0.066696 99.002922 0.215731 0.049220 0.975211 12.030116 0.000000 0.000000 0.000000 1.000000
0.998300 -0.057712 -0.008140 -2.287942 0.056937 0.995528 -0.075375 99.930359 0.012453 0.074784 0.997122 10.909038 0.000000 0.000000 0.000000 1.000000
0.986983 -0.027132 0.158521 -2.032280 0.041526 0.995236 -0.088206 100.384659 -0.155373 0.093640 0.983408 9.293214 0.000000 0.000000 0.000000 1.000000
0.961794 0.017752 0.273198 -1.573151 0.014096 0.993361 -0.114172 100.190224 -0.273411 0.113661 0.955158 7.418181 0.000000 0.000000 0.000000 1.000000
0.937618 0.068672 0.340818 -1.357529 -0.017181 0.988253 -0.151858 99.585175 -0.347243 0.136529 0.927783 5.625237 0.000000 0.000000 0.000000 1.000000
0.923895 0.095296 0.370591 -1.702136 -0.019369 0.978898 -0.203431 99.114189 -0.382157 0.180771 0.906244 4.497463 0.000000 0.000000 0.000000 1.000000
0.916742 0.101618 0.386340 -2.455619 0.003253 0.965175 -0.261585 98.724266 -0.399467 0.241063 0.884486 4.077010 0.000000 0.000000 0.000000 1.000000
0.903345 0.112957 0.413773 -3.268341 0.020489 0.952234 -0.304683 97.792831 -0.428424 0.283711 0.857881 4.014148 0.000000 0.000000 0.000000 1.000000
0.878704 0.133036 0.458454 -4.057139 0.025615 0.945858 -0.323569 96.185143 -0.476679 0.296065 0.827721 4.152190 0.000000 0.000000 0.000000 1.000000
0.852636 0.156266 0.498590 -4.852596 0.024214 0.941388 -0.336455 94.321159 -0.521943 0.298946 0.798878 4.547341 0.000000 0.000000 0.000000 1.000000
0.835475 0.191205 0.515191 -5.579185 0.009922 0.932114 -0.362030 92.560730 -0.549439 0.307579 0.776860 5.011295 0.000000 0.000000 0.000000 1.000000
0.826318 0.230297 0.513966 -6.225120 -0.009132 0.917935 -0.396625 90.933441 -0.563129 0.323045 0.760610 5.253364 0.000000 0.000000 0.000000 1.000000
0.825387 0.256052 0.503164 -6.762989 -0.022533 0.905468 -0.423816 89.649696 -0.564118 0.338474 0.753131 5.264698 0.000000 0.000000 0.000000 1.000000
0.834697 0.261272 0.484786 -7.042554 -0.031801 0.901692 -0.431207 88.929985 -0.549790 0.344511 0.760949 5.126537 0.000000 0.000000 0.000000 1.000000
0.853541 0.246130 0.459224 -7.039671 -0.033547 0.905518 -0.422979 88.966156 -0.519944 0.345625 0.781154 4.767076 0.000000 0.000000 0.000000 1.000000
0.877554 0.220791 0.425617 -6.876314 -0.028987 0.910475 -0.412547 89.495064 -0.478600 0.349695 0.805391 4.109969 0.000000 0.000000 0.000000 1.000000
0.904724 0.192736 0.379905 -6.713989 -0.029758 0.918213 -0.394967 90.031387 -0.424958 0.346030 0.836465 3.135684 0.000000 0.000000 0.000000 1.000000
0.931144 0.171764 0.321666 -6.786697 -0.044338 0.928900 -0.367668 90.441483 -0.361947 0.328089 0.872555 1.901240 0.000000 0.000000 0.000000 1.000000
0.953588 0.156003 0.257551 -7.068111 -0.063689 0.940473 -0.333849 90.955101 -0.294301 0.301951 0.906759 0.615054 0.000000 0.000000 0.000000 1.000000
0.973732 0.132590 0.185110 -7.005210 -0.073395 0.952344 -0.296064 91.754990 -0.215544 0.274701 0.937059 -0.480496 0.000000 0.000000 0.000000 1.000000
0.988847 0.108162 0.102382 -6.843191 -0.077959 0.961648 -0.262975 92.738052 -0.126899 0.252060 0.959355 -1.445985 0.000000 0.000000 0.000000 1.000000
0.996140 0.086185 0.016665 -7.207501 -0.079777 0.968050 -0.237728 93.791649 -0.036621 0.235481 0.971189 -2.507550 0.000000 0.000000 0.000000 1.000000
0.995277 0.069459 -0.067820 -7.734775 -0.082482 0.973464 -0.213461 94.894142 0.051194 0.218046 0.974595 -3.491149 0.000000 0.000000 0.000000 1.000000
0.987691 0.056732 -0.145769 -8.201987 -0.083592 0.979114 -0.185334 95.873795 0.132210 0.195237 0.971804 -4.315622 0.000000 0.000000 0.000000 1.000000
0.975411 0.043779 -0.216000 -8.720957 -0.079184 0.984245 -0.158090 96.750732 0.205676 0.171307 0.963510 -5.022832 0.000000 0.000000 0.000000 1.000000
0.960879 0.026525 -0.275694 -9.312276 -0.066225 0.988533 -0.135708 97.598511 0.268933 0.148657 0.951618 -5.635864 0.000000 0.000000 0.000000 1.000000
0.945840 0.008276 -0.324528 -9.739183 -0.049265 0.991756 -0.118292 98.246429 0.320873 0.127873 0.938450 -6.002711 0.000000 0.000000 0.000000 1.000000
0.930590 -0.008583 -0.365963 -9.892189 -0.032225 0.993923 -0.105252 98.599144 0.364643 0.109740 0.924658 -6.080276 0.000000 0.000000 0.000000 1.000000
0.914747 -0.024568 -0.403280 -9.923703 -0.015487 0.995284 -0.095761 98.785110 0.403731 0.093843 0.910052 -5.996239 0.000000 0.000000 0.000000 1.000000
0.898601 -0.037838 -0.437133 -9.913820 -0.000930 0.996108 -0.088135 98.906555 0.438766 0.079605 0.895068 -5.786981 0.000000 0.000000 0.000000 1.000000
0.883582 -0.049230 -0.465681 -9.889639 0.011637 0.996460 -0.083262 98.989700 0.468131 0.068150 0.881027 -5.522329 0.000000 0.000000 0.000000 1.000000
0.869983 -0.059974 -0.489421 -9.806209 0.022725 0.996397 -0.081705 98.972847 0.492558 0.059960 0.868211 -5.287746 0.000000 0.000000 0.000000 1.000000
0.857284 -0.068962 -0.510205 -9.569756 0.032365 0.996247 -0.080276 98.863739 0.513826 0.052306 0.856298 -5.066046 0.000000 0.000000 0.000000 1.000000
0.847148 -0.075743 -0.525932 -9.200834 0.038856 0.995969 -0.080849 98.728920 0.529935 0.048055 0.846676 -4.840678 0.000000 0.000000 0.000000 1.000000
0.840358 -0.081276 -0.535903 -8.759027 0.041046 0.995397 -0.086598 98.532661 0.540475 0.050776 0.839827 -4.621238 0.000000 0.000000 0.000000 1.000000
0.836884 -0.086301 -0.540534 -8.244758 0.040655 0.994565 -0.095848 98.283630 0.545868 0.058239 0.835844 -4.398856 0.000000 0.000000 0.000000 1.000000
0.838200 -0.090352 -0.537826 -7.655585 0.038853 0.993568 -0.106363 98.039856 0.543977 0.068257 0.836319 -4.186775 0.000000 0.000000 0.000000 1.000000
0.844429 -0.092664 -0.527593 -6.996274 0.035854 0.992493 -0.116930 97.797195 0.534467 0.079823 0.841412 -3.981782 0.000000 0.000000 0.000000 1.000000
0.852891 -0.093457 -0.513656 -6.289458 0.031349 0.991240 -0.128300 97.550591 0.521147 0.093323 0.848349 -3.779365 0.000000 0.000000 0.000000 1.000000
0.862062 -0.093713 -0.498064 -5.588832 0.024988 0.989419 -0.142915 97.310699 0.506187 0.110756 0.855282 -3.624833 0.000000 0.000000 0.000000 1.000000
0.872237 -0.093544 -0.480054 -4.902422 0.018722 0.987205 -0.158350 97.054161 0.488724 0.129132 0.862829 -3.481878 0.000000 0.000000 0.000000 1.000000
0.882389 -0.091001 -0.461637 -4.150446 0.012329 0.985254 -0.170654 96.791473 0.470360 0.144891 0.870499 -3.269208 0.000000 0.000000 0.000000 1.000000
0.891861 -0.084320 -0.444380 -3.336307 0.003689 0.983793 -0.179268 96.555420 0.452294 0.158243 0.877718 -3.004761 0.000000 0.000000 0.000000 1.000000
0.901017 -0.075281 -0.427202 -2.562928 -0.005071 0.982930 -0.183908 96.274147 0.433755 0.167870 0.885255 -2.706005 0.000000 0.000000 0.000000 1.000000
0.909285 -0.066771 -0.410784 -1.838630 -0.011784 0.982519 -0.185787 95.976677 0.416008 0.173774 0.892603 -2.368015 0.000000 0.000000 0.000000 1.000000
0.916480 -0.059456 -0.395637 -1.080523 -0.016602 0.982392 -0.186090 95.815147 0.399735 0.177116 0.899356 -1.989892 0.000000 0.000000 0.000000 1.000000
0.922714 -0.052483 -0.381896 -0.356734 -0.020852 0.982443 -0.185396 95.728561 0.384922 0.179031 0.905419 -1.600847 0.000000 0.000000 0.000000 1.000000
0.927928 -0.045974 -0.369914 0.197976 -0.024371 0.982760 -0.183274 95.604614 0.371962 0.179081 0.910810 -1.259940 0.000000 0.000000 0.000000 1.000000
0.932613 -0.041590 -0.358474 0.625485 -0.026198 0.982914 -0.182193 95.506950 0.359926 0.179306 0.915589 -1.020815 0.000000 0.000000 0.000000 1.000000
0.936585 -0.038441 -0.348326 0.935085 -0.027466 0.982856 -0.182318 95.405312 0.349363 0.180323 0.919472 -0.916794 0.000000 0.000000 0.000000 1.000000
0.939214 -0.034350 -0.341609 1.145375 -0.030264 0.982826 -0.182034 95.402763 0.341995 0.181308 0.922045 -0.930434 0.000000 0.000000 0.000000 1.000000
0.940573 -0.030697 -0.338201 1.194408 -0.034431 0.982154 -0.184901 95.563652 0.337841 0.185558 0.922731 -1.069246 0.000000 0.000000 0.000000 1.000000
0.942909 -0.021676 -0.332345 1.086858 -0.044583 0.980684 -0.190448 95.812447 0.330053 0.194392 0.923730 -1.246240 0.000000 0.000000 0.000000 1.000000
0.944502 -0.012103 -0.328282 0.838761 -0.054213 0.979877 -0.192101 96.188530 0.324000 0.199237 0.924840 -1.447105 0.000000 0.000000 0.000000 1.000000
0.945679 -0.002998 -0.325088 0.555470 -0.063079 0.979262 -0.192527 96.662170 0.318923 0.202575 0.925879 -1.615155 0.000000 0.000000 0.000000 1.000000</float_array><technique_common><accessor source="#mixamorig5_Hips-Matrix-animation-output-transform-array" count="80" stride="16"><param type="float4x4"/></accessor></technique_common></source><source id="mixamorig5_Hips-Interpolations"><Name_array id="mixamorig5_Hips-Interpolations-array" count="80">
 LINEAR LINEAR LINEAR LINEAR LINEAR LINEAR LINEAR LINEAR LINEAR LINEAR LINEAR
LINEAR LINEAR LINEAR LINEAR LINEAR LINEAR LINEAR LINEAR LINEAR LINEAR LINEAR LINEAR
LINEAR LINEAR LINEAR LINEAR LINEAR LINEAR LINEAR LINEAR LINEAR LINEAR LINEAR LINEAR
LINEAR LINEAR LINEAR LINEAR LINEAR LINEAR LINEAR LINEAR LINEAR LINEAR LINEAR LINEAR
LINEAR LINEAR LINEAR LINEAR LINEAR LINEAR LINEAR LINEAR LINEAR LINEAR LINEAR LINEAR
LINEAR LINEAR LINEAR LINEAR LINEAR LINEAR LINEAR LINEAR LINEAR LINEAR LINEAR LINEAR
LINEAR LINEAR LINEAR LINEAR LINEAR LINEAR LINEAR LINEAR LINEAR</Name_array><technique_common><accessor source="#mixamorig5_Hips-Interpolations-array" count="80"><param type="name"/></accessor></technique_common></source><sampler id="mixamorig5_Hips-Matrix-animation-transform"><input semantic="INPUT" source="#mixamorig5_Hips-Matrix-animation-input"/><input semantic="OUTPUT" source="#mixamorig5_Hips-Matrix-animation-output-transform"/><input semantic="INTERPOLATION" source="#mixamorig5_Hips-Interpolations"/></sampler><channel source="#mixamorig5_Hips-Matrix-animation-transform" target="mixamorig5_Hips/matrix"/></animation>
    <animation id="mixamorig5_Spine-anim" name="mixamorig5_Spine"><source id="mixamorig5_Spine-Matrix-animation-input"><float_array id="mixamorig5_Spine-Matrix-animation-input-array" count="80">

0.000000 0.033333 0.066667 0.100000 0.133333 0.166667 0.200000 0.233333 0.266667 0.300000 0.333333 0.366667 0.400000 0.433333 0.466667 0.500000
0.533333 0.566667 0.600000 0.633333 0.666667 0.700000 0.733333 0.766667 0.800000 0.833333 0.866667 0.900000 0.933333 0.966667 1.000000 1.033333
1.066667 1.100000 1.133333 1.166667 1.200000 1.233333 1.266667 1.300000 1.333333 1.366667 1.400000 1.433333 1.466667 1.500000 1.533333 1.566667
1.600000 1.633333 1.666667 1.700000 1.733333 1.766667 1.800000 1.833333 1.866667 1.900000 1.933333 1.966667 2.000000 2.033333 2.066667 2.100000
2.133333 2.166667 2.200000 2.233333 2.266667 2.300000 2.333333 2.366667 2.400000 2.433333 2.466667 2.500000 2.533333 2.566667 2.600000 2.633333</float_array><technique_common><accessor source="#mixamorig5_Spine-Matrix-animation-input-array" count="80"><param name="TIME" type="float"/></accessor></technique_common></source><source id="mixamorig5_Spine-Matrix-animation-output-transform"><float_array id="mixamorig5_Spine-Matrix-animation-output-transform-array" count="1280">

0.999344 -0.033191 -0.014475 0.000000 0.034591 0.993258 0.110648 8.836100 0.010705 -0.111076 0.993754 -1.360800 0.000000 0.000000 0.000000 1.000000
0.999448 -0.031850 -0.009397 -0.000000 0.032709 0.993036 0.113184 8.836100 0.005727 -0.113429 0.993530 -1.360800 0.000000 0.000000 0.000000 1.000000
0.999505 -0.031411 -0.001780 0.000000 0.031404 0.992652 0.116854 8.836100 -0.001903 -0.116852 0.993148 -1.360800 0.000000 0.000000 0.000000 1.000000
0.999400 -0.033718 0.007913 0.000000 0.032504 0.992018 0.121836 8.836100 -0.011958 -0.121506 0.992519 -1.360800 0.000000 0.000000 0.000000 1.000000
0.999097 -0.040284 0.013498 0.000000 0.038197 0.990814 0.129726 8.836100 -0.018600 -0.129093 0.991458 -1.360800 0.000000 0.000000 0.000000 1.000000
0.998668 -0.050582 0.010140 0.000000 0.048615 0.988519 0.143064 8.836100 -0.017260 -0.142381 0.989661 -1.360800 0.000000 0.000000 0.000000 1.000000
0.998276 -0.058294 0.006856 -0.000000 0.056404 0.985051 0.162769 8.836100 -0.016242 -0.162102 0.986640 -1.360800 0.000000 0.000000 0.000000 1.000000
0.998083 -0.061883 0.000449 0.000000 0.060758 0.981267 0.182821 8.836100 -0.011755 -0.182444 0.983146 -1.360800 0.000000 0.000000 0.000000 1.000000
0.997562 -0.065421 -0.024286 -0.000000 0.069001 0.976680 0.203309 8.836100 0.010419 -0.204489 0.978813 -1.360800 0.000000 0.000000 0.000000 1.000000
0.995786 -0.070915 -0.058157 0.000000 0.082408 0.970156 0.228050 8.836100 0.040249 -0.231881 0.971911 -1.360800 0.000000 0.000000 0.000000 1.000000
0.991703 -0.082401 -0.098665 0.000000 0.105145 0.961523 0.253807 8.836100 0.073955 -0.262075 0.962210 -1.360800 0.000000 0.000000 0.000000 1.000000
0.986548 -0.092628 -0.134698 0.000000 0.126345 0.954899 0.268711 8.836100 0.103732 -0.282115 0.953756 -1.360800 0.000000 0.000000 0.000000 1.000000
0.982302 -0.100768 -0.157889 0.000000 0.142045 0.950235 0.277266 8.836100 0.122092 -0.294786 0.947731 -1.360800 0.000000 0.000000 0.000000 1.000000
0.978709 -0.104520 -0.176649 0.000000 0.151516 0.948479 0.278262 8.836100 0.138464 -0.299103 0.944121 -1.360800 0.000000 0.000000 0.000000 1.000000
0.974116 -0.109485 -0.197767 0.000000 0.162099 0.948099 0.273555 8.836100 0.157553 -0.298532 0.941305 -1.360800 0.000000 0.000000 0.000000 1.000000
0.968756 -0.119040 -0.217579 0.000000 0.175984 0.948097 0.264843 8.836100 0.174759 -0.294858 0.939424 -1.360800 0.000000 0.000000 0.000000 1.000000
0.964290 -0.121998 -0.235077 0.000000 0.182936 0.948644 0.258087 8.836100 0.191519 -0.291875 0.937086 -1.360800 0.000000 0.000000 0.000000 1.000000
0.961289 -0.117916 -0.249038 0.000000 0.182408 0.949738 0.254410 8.836100 0.206522 -0.289988 0.934481 -1.360800 0.000000 0.000000 0.000000 1.000000
0.959527 -0.117072 -0.256130 0.000000 0.183089 0.950384 0.251493 8.836100 0.213979 -0.288209 0.933353 -1.360800 0.000000 0.000000 0.000000 1.000000
0.959097 -0.118510 -0.257076 0.000000 0.184513 0.950440 0.250237 8.836100 0.214679 -0.287436 0.933431 -1.360800 0.000000 0.000000 0.000000 1.000000
0.959566 -0.117679 -0.255703 0.000000 0.183671 0.950141 0.251985 8.836100 0.213301 -0.288762 0.933338 -1.360800 0.000000 0.000000 0.000000 1.000000
0.960574 -0.115633 -0.252839 0.000000 0.181943 0.949082 0.257177 8.836100 0.210227 -0.293039 0.932702 -1.360800 0.000000 0.000000 0.000000 1.000000
0.962704 -0.108304 -0.247933 -0.000000 0.175381 0.947587 0.267060 8.836100 0.206015 -0.300583 0.931240 -1.360800 0.000000 0.000000 0.000000 1.000000
0.966336 -0.097324 -0.238166 0.000000 0.163789 0.946589 0.277745 8.836100 0.198414 -0.307404 0.930664 -1.360800 0.000000 0.000000 0.000000 1.000000
0.974494 -0.085576 -0.207455 0.000000 0.144185 0.947142 0.286589 8.836100 0.171964 -0.309191 0.935323 -1.360800 0.000000 0.000000 0.000000 1.000000
0.986314 -0.065293 -0.151397 0.000000 0.108104 0.949418 0.294819 8.836100 0.124489 -0.307151 0.943483 -1.360800 0.000000 0.000000 0.000000 1.000000
0.995812 -0.041685 -0.081368 -0.000000 0.063645 0.955014 0.289650 8.836100 0.065634 -0.293615 0.953668 -1.360800 0.000000 0.000000 0.000000 1.000000
0.999303 -0.036479 -0.007987 -0.000000 0.037290 0.963374 0.265558 8.836100 -0.001992 -0.265670 0.964062 -1.360800 0.000000 0.000000 0.000000 1.000000
0.996811 -0.059950 0.052674 0.000000 0.045420 0.968908 0.243217 8.836100 -0.065617 -0.240049 0.968541 -1.360800 0.000000 0.000000 0.000000 1.000000
0.989799 -0.105005 0.096295 0.000000 0.079963 0.968815 0.234528 8.836100 -0.117919 -0.224435 0.967328 -1.360800 0.000000 0.000000 0.000000 1.000000
0.981473 -0.138937 0.131940 -0.000000 0.106993 0.968666 0.224141 8.836100 -0.158947 -0.205871 0.965584 -1.360800 0.000000 0.000000 0.000000 1.000000
0.976803 -0.141485 0.160739 -0.000000 0.107096 0.972791 0.205448 8.836100 -0.185433 -0.183468 0.965378 -1.360800 0.000000 0.000000 0.000000 1.000000
0.972037 -0.143426 0.185939 0.000000 0.108464 0.976503 0.186217 8.836100 -0.208278 -0.160842 0.964754 -1.360800 0.000000 0.000000 0.000000 1.000000
0.960649 -0.159908 0.227121 0.000000 0.123024 0.978037 0.168249 8.836100 -0.249037 -0.133687 0.959223 -1.360800 0.000000 0.000000 0.000000 1.000000
0.952579 -0.169170 0.252933 0.000000 0.136747 0.980546 0.140817 8.836100 -0.271835 -0.099551 0.957181 -1.360800 0.000000 0.000000 0.000000 1.000000
0.961156 -0.154882 0.228452 -0.000000 0.135831 0.985974 0.096980 8.836100 -0.240268 -0.062182 0.968713 -1.360800 0.000000 0.000000 0.000000 1.000000
0.974118 -0.127924 0.186359 0.000000 0.120217 0.991378 0.052135 8.836100 -0.191421 -0.028382 0.981098 -1.360800 0.000000 0.000000 0.000000 1.000000
0.984843 -0.096876 0.143871 0.000000 0.096007 0.995296 0.012983 8.836100 -0.144452 0.001026 0.989511 -1.360800 0.000000 0.000000 0.000000 1.000000
0.993969 -0.060538 0.091438 0.000000 0.062824 0.997775 -0.022328 8.836100 -0.089883 0.027938 0.995560 -1.360800 0.000000 0.000000 0.000000 1.000000
0.998692 -0.025108 0.044536 0.000000 0.027039 0.998696 -0.043300 8.836100 -0.043391 0.044447 0.998069 -1.360800 0.000000 0.000000 0.000000 1.000000
0.999816 -0.001659 0.019107 0.000000 0.002462 0.999111 -0.042075 8.836100 -0.019020 0.042114 0.998932 -1.360800 0.000000 0.000000 0.000000 1.000000
0.999910 0.009556 0.009422 0.000000 -0.009315 0.999636 -0.025312 8.836100 -0.009661 0.025222 0.999635 -1.360800 0.000000 0.000000 0.000000 1.000000
0.999943 0.010215 0.003043 0.000000 -0.010215 0.999948 -0.000281 8.836100 -0.003045 0.000250 0.999995 -1.360800 0.000000 0.000000 0.000000 1.000000
0.999996 0.002786 0.000066 0.000000 -0.002786 0.999684 0.024967 8.836100 0.000004 -0.024967 0.999688 -1.360800 0.000000 0.000000 0.000000 1.000000
0.999907 -0.006713 0.011886 -0.000000 0.006186 0.999019 0.043843 8.836100 -0.012169 -0.043765 0.998968 -1.360800 0.000000 0.000000 0.000000 1.000000
0.999505 -0.015261 0.027522 0.000000 0.013523 0.997968 0.062269 8.836100 -0.028416 -0.061866 0.997680 -1.360800 0.000000 0.000000 0.000000 1.000000
0.999572 -0.016163 0.024396 0.000000 0.014169 0.996709 0.079818 8.836100 -0.025606 -0.079438 0.996511 -1.360800 0.000000 0.000000 0.000000 1.000000
0.999753 -0.021715 0.004780 0.000000 0.021172 0.995377 0.093683 8.836100 -0.006793 -0.093559 0.995591 -1.360800 0.000000 0.000000 0.000000 1.000000
0.999310 -0.032600 -0.017819 -0.000000 0.034284 0.993964 0.104217 8.836100 0.014314 -0.104756 0.994395 -1.360800 0.000000 0.000000 0.000000 1.000000
0.998543 -0.038423 -0.037876 0.000000 0.042408 0.992944 0.110740 8.836100 0.033354 -0.112185 0.993127 -1.360800 0.000000 0.000000 0.000000 1.000000
0.997895 -0.035291 -0.054416 0.000000 0.041409 0.992414 0.115758 8.836100 0.049918 -0.117768 0.991786 -1.360800 0.000000 0.000000 0.000000 1.000000
0.997152 -0.034127 -0.067257 -0.000000 0.042096 0.991774 0.120879 8.836100 0.062578 -0.123366 0.990386 -1.360800 0.000000 0.000000 0.000000 1.000000
0.996272 -0.039966 -0.076458 0.000000 0.049409 0.990813 0.125887 8.836100 0.070724 -0.129195 0.989094 -1.360800 0.000000 0.000000 0.000000 1.000000
0.995412 -0.047170 -0.083252 0.000000 0.057879 0.989650 0.131310 8.836100 0.076196 -0.135526 0.987840 -1.360800 0.000000 0.000000 0.000000 1.000000
0.994367 -0.054576 -0.090862 -0.000000 0.066732 0.988370 0.136641 8.836100 0.082348 -0.141934 0.986445 -1.360800 0.000000 0.000000 0.000000 1.000000
0.993189 -0.060599 -0.099516 -0.000000 0.074434 0.987096 0.141779 8.836100 0.089641 -0.148220 0.984883 -1.360800 0.000000 0.000000 0.000000 1.000000
0.992353 -0.064541 -0.105212 0.000000 0.079669 0.985984 0.146588 8.836100 0.094277 -0.153849 0.983586 -1.360800 0.000000 0.000000 0.000000 1.000000
0.992066 -0.066780 -0.106511 -0.000000 0.082357 0.985358 0.149290 8.836100 0.094982 -0.156878 0.983040 -1.360800 0.000000 0.000000 0.000000 1.000000
0.992056 -0.067661 -0.106047 -0.000000 0.083218 0.985191 0.149913 8.836100 0.094333 -0.157547 0.982996 -1.360800 0.000000 0.000000 0.000000 1.000000
0.992016 -0.069693 -0.105102 0.000000 0.085049 0.985092 0.149533 8.836100 0.093114 -0.157278 0.983155 -1.360800 0.000000 0.000000 0.000000 1.000000
0.991874 -0.073174 -0.104071 0.000000 0.088275 0.984918 0.148812 8.836100 0.091612 -0.156790 0.983374 -1.360800 0.000000 0.000000 0.000000 1.000000
0.991860 -0.075994 -0.102169 0.000000 0.090716 0.984792 0.148171 8.836100 0.089355 -0.156233 0.983670 -1.360800 0.000000 0.000000 0.000000 1.000000
0.992022 -0.078408 -0.098717 0.000000 0.092497 0.984749 0.147355 8.836100 0.085657 -0.155310 0.984145 -1.360800 0.000000 0.000000 0.000000 1.000000
0.992207 -0.081151 -0.094548 0.000000 0.094448 0.984778 0.145919 8.836100 0.081267 -0.153712 0.984768 -1.360800 0.000000 0.000000 0.000000 1.000000
0.992445 -0.082465 -0.090839 0.000000 0.095135 0.984793 0.145366 8.836100 0.077470 -0.152909 0.985199 -1.360800 0.000000 0.000000 0.000000 1.000000
0.992889 -0.080769 -0.087449 0.000000 0.092992 0.984877 0.146184 8.836100 0.074319 -0.153277 0.985385 -1.360800 0.000000 0.000000 0.000000 1.000000
0.993128 -0.079754 -0.085652 0.000000 0.091641 0.985140 0.145263 8.836100 0.072793 -0.152113 0.985679 -1.360800 0.000000 0.000000 0.000000 1.000000
0.993189 -0.081152 -0.083602 -0.000000 0.092487 0.985522 0.142102 8.836100 0.070860 -0.148866 0.986315 -1.360800 0.000000 0.000000 0.000000 1.000000
0.993758 -0.080478 -0.077255 0.000000 0.090619 0.986238 0.138285 8.836100 0.065063 -0.144423 0.987375 -1.360800 0.000000 0.000000 0.000000 1.000000
0.994681 -0.076982 -0.068436 0.000000 0.085663 0.987191 0.134594 8.836100 0.057198 -0.139741 0.988535 -1.360800 0.000000 0.000000 0.000000 1.000000
0.995411 -0.075024 -0.059403 0.000000 0.082239 0.988075 0.130168 8.836100 0.048929 -0.134456 0.989711 -1.360800 0.000000 0.000000 0.000000 1.000000
0.995929 -0.074497 -0.050757 0.000000 0.080351 0.988869 0.125226 8.836100 0.040863 -0.128794 0.990829 -1.360800 0.000000 0.000000 0.000000 1.000000
0.996534 -0.071516 -0.042499 0.000000 0.076170 0.989791 0.120469 8.836100 0.033449 -0.123289 0.991807 -1.360800 0.000000 0.000000 0.000000 1.000000
0.997118 -0.066116 -0.037199 0.000000 0.070023 0.990778 0.115996 8.836100 0.029187 -0.118267 0.992553 -1.360800 0.000000 0.000000 0.000000 1.000000
0.997606 -0.059594 -0.035086 0.000000 0.063180 0.991701 0.111972 8.836100 0.028122 -0.113920 0.993092 -1.360800 0.000000 0.000000 0.000000 1.000000
0.997958 -0.054502 -0.033321 -0.000000 0.057819 0.992429 0.108360 8.836100 0.027163 -0.110066 0.993553 -1.360800 0.000000 0.000000 0.000000 1.000000
0.998256 -0.050914 -0.029894 0.000000 0.053844 0.992784 0.107146 8.836100 0.024223 -0.108569 0.993794 -1.360800 0.000000 0.000000 0.000000 1.000000
0.998772 -0.043876 -0.023016 0.000000 0.046136 0.992952 0.109172 8.836100 0.018064 -0.110100 0.993756 -1.360800 0.000000 0.000000 0.000000 1.000000
0.999134 -0.037445 -0.018167 0.000000 0.039220 0.993163 0.109949 8.836100 0.013925 -0.110566 0.993771 -1.360800 0.000000 0.000000 0.000000 1.000000
0.999344 -0.033191 -0.014475 0.000000 0.034591 0.993258 0.110648 8.836100 0.010705 -0.111076 0.993754 -1.360800 0.000000 0.000000 0.000000 1.000000</float_array><technique_common><accessor source="#mixamorig5_Spine-Matrix-animation-output-transform-array" count="80" stride="16"><param type="float4x4"/></accessor></technique_common></source><source id="mixamorig5_Spine-Interpolations"><Name_array id="mixamorig5_Spine-Interpolations-array" count="80">
 LINEAR LINEAR LINEAR LINEAR LINEAR LINEAR LINEAR LINEAR LINEAR LINEAR LINEAR
LINEAR LINEAR LINEAR LINEAR LINEAR LINEAR LINEAR LINEAR LINEAR LINEAR LINEAR LINEAR
LINEAR LINEAR LINEAR LINEAR LINEAR LINEAR LINEAR LINEAR LINEAR LINEAR LINEAR LINEAR
LINEAR LINEAR LINEAR LINEAR LINEAR LINEAR LINEAR LINEAR LINEAR LINEAR LINEAR LINEAR
LINEAR LINEAR LINEAR LINEAR LINEAR LINEAR LINEAR LINEAR LINEAR LINEAR LINEAR LINEAR
LINEAR LINEAR LINEAR LINEAR LINEAR LINEAR LINEAR LINEAR LINEAR LINEAR LINEAR LINEAR
LINEAR LINEAR LINEAR LINEAR LINEAR LINEAR LINEAR LINEAR LINEAR</Name_array><technique_common><accessor source="#mixamorig5_Spine-Interpolations-array" count="80"><param type="name"/></accessor></technique_common></source><sampler id="mixamorig5_Spine-Matrix-animation-transform"><input semantic="INPUT" source="#mixamorig5_Spine-Matrix-animation-input"/><input semantic="OUTPUT" source="#mixamorig5_Spine-Matrix-animation-output-transform"/><input semantic="INTERPOLATION" source="#mixamorig5_Spine-Interpolations"/></sampler><channel source="#mixamorig5_Spine-Matrix-animation-transform" target="mixamorig5_Spine/matrix"/></animation>
    <animation id="mixamorig5_Spine1-anim" name="mixamorig5_Spine1"><source id="mixamorig5_Spine1-Matrix-animation-input"><float_array id="mixamorig5_Spine1-Matrix-animation-input-array" count="80">

0.000000 0.033333 0.066667 0.100000 0.133333 0.166667 0.200000 0.233333 0.266667 0.300000 0.333333 0.366667 0.400000 0.433333 0.466667 0.500000
0.533333 0.566667 0.600000 0.633333 0.666667 0.700000 0.733333 0.766667 0.800000 0.833333 0.866667 0.900000 0.933333 0.966667 1.000000 1.033333
1.066667 1.100000 1.133333 1.166667 1.200000 1.233333 1.266667 1.300000 1.333333 1.366667 1.400000 1.433333 1.466667 1.500000 1.533333 1.566667
1.600000 1.633333 1.666667 1.700000 1.733333 1.766667 1.800000 1.833333 1.866667 1.900000 1.933333 1.966667 2.000000 2.033333 2.066667 2.100000
2.133333 2.166667 2.200000 2.233333 2.266667 2.300000 2.333333 2.366667 2.400000 2.433333 2.466667 2.500000 2.533333 2.566667 2.600000 2.633333</float_array><technique_common><accessor source="#mixamorig5_Spine1-Matrix-animation-input-array" count="80"><param name="TIME" type="float"/></accessor></technique_common></source><source id="mixamorig5_Spine1-Matrix-animation-output-transform"><float_array id="mixamorig5_Spine1-Matrix-animation-output-transform-array" count="1280">

0.999458 -0.022361 -0.024159 -0.000000 0.019038 0.991334 -0.129979 10.430300 0.026856 0.129449 0.991222 0.000000 0.000000 0.000000 0.000000 1.000000
0.999571 -0.021026 -0.020380 -0.000000 0.018257 0.991653 -0.127634 10.430300 0.022893 0.127207 0.991612 0.000000 0.000000 0.000000 0.000000 1.000000
0.999693 -0.019980 -0.014646 0.000000 0.018010 0.992108 -0.124087 10.430300 0.017009 0.123785 0.992163 -0.000000 0.000000 0.000000 0.000000 1.000000
0.999778 -0.019739 -0.007402 0.000000 0.018715 0.992676 -0.119352 10.430300 0.009704 0.119187 0.992824 0.000000 0.000000 0.000000 0.000000 1.000000
0.999753 -0.022000 -0.003123 0.000000 0.021508 0.993403 -0.112639 10.430300 0.005580 0.112545 0.993631 0.000000 0.000000 0.000000 0.000000 1.000000
0.999599 -0.027851 -0.005203 -0.000000 0.027172 0.994368 -0.102443 10.430300 0.008027 0.102261 0.994725 0.000000 0.000000 0.000000 0.000000 1.000000
0.999413 -0.033532 -0.007025 -0.000000 0.032790 0.995631 -0.087429 10.430300 0.009926 0.087147 0.996146 -0.000000 0.000000 0.000000 0.000000 1.000000
0.999202 -0.038345 -0.011193 0.000000 0.037431 0.996641 -0.072834 10.430300 0.013948 0.072357 0.997281 0.000000 0.000000 0.000000 0.000000 1.000000
0.998507 -0.046096 -0.029298 -0.000000 0.044280 0.997223 -0.059872 10.430300 0.031976 0.058485 0.997776 -0.000000 0.000000 0.000000 0.000000 1.000000
0.996840 -0.057620 -0.054686 0.000000 0.055252 0.997508 -0.043872 10.430300 0.057078 0.040712 0.997539 -0.000000 0.000000 0.000000 0.000000 1.000000
0.993784 -0.072119 -0.084806 0.000000 0.070264 0.997223 -0.024664 10.430300 0.086349 0.018552 0.996092 0.000000 0.000000 0.000000 0.000000 1.000000
0.990413 -0.082023 -0.111149 -0.000000 0.081372 0.996630 -0.010387 10.430300 0.111626 0.001243 0.993749 -0.000000 0.000000 0.000000 0.000000 1.000000
0.987881 -0.088146 -0.127752 -0.000000 0.088804 0.996049 -0.000551 10.430300 0.127296 -0.010801 0.991806 0.000000 0.000000 0.000000 0.000000 1.000000
0.985706 -0.091800 -0.141264 -0.000000 0.092988 0.995666 0.001813 10.430300 0.140485 -0.014923 0.989970 0.000000 0.000000 0.000000 0.000000 1.000000
0.982908 -0.097128 -0.156390 0.000000 0.098290 0.995158 -0.000307 10.430300 0.155662 -0.015070 0.987695 -0.000000 0.000000 0.000000 0.000000 1.000000
0.979912 -0.103948 -0.170196 0.000000 0.104756 0.994489 -0.004248 10.430300 0.169700 -0.013666 0.985401 0.000000 0.000000 0.000000 0.000000 1.000000
0.977399 -0.105824 -0.183008 -0.000000 0.106383 0.994302 -0.006790 10.430300 0.182684 -0.012833 0.983088 0.000000 0.000000 0.000000 0.000000 1.000000
0.975443 -0.104479 -0.193892 -0.000000 0.104826 0.994454 -0.008502 10.430300 0.193705 -0.012032 0.980986 0.000000 0.000000 0.000000 0.000000 1.000000
0.974109 -0.106491 -0.199428 0.000000 0.106489 0.994256 -0.010772 10.430300 0.199430 -0.010744 0.979853 0.000000 0.000000 0.000000 0.000000 1.000000
0.973579 -0.109748 -0.200249 0.000000 0.109546 0.993908 -0.012123 10.430300 0.200360 -0.010134 0.979670 0.000000 0.000000 0.000000 0.000000 1.000000
0.973552 -0.111060 -0.199656 0.000000 0.111071 0.993750 -0.011183 10.430300 0.199651 -0.011289 0.979802 0.000000 0.000000 0.000000 0.000000 1.000000
0.973793 -0.111141 -0.198429 0.000000 0.111885 0.993693 -0.007495 10.430300 0.198011 -0.014902 0.980087 0.000000 0.000000 0.000000 0.000000 1.000000
0.974597 -0.106986 -0.196759 0.000000 0.109065 0.994035 -0.000270 10.430300 0.195614 -0.021196 0.980452 0.000000 0.000000 0.000000 0.000000 1.000000
0.976663 -0.096631 -0.191813 -0.000000 0.099933 0.994965 0.007589 10.430300 0.190114 -0.026580 0.981402 0.000000 0.000000 0.000000 0.000000 1.000000
0.982004 -0.081305 -0.170465 0.000000 0.084668 0.996330 0.012541 10.430300 0.168820 -0.026748 0.985284 0.000000 0.000000 0.000000 0.000000 1.000000
0.989602 -0.060482 -0.130502 0.000000 0.062812 0.997930 0.013809 10.430300 0.129396 -0.021862 0.991352 0.000000 0.000000 0.000000 0.000000 1.000000
0.995987 -0.040500 -0.079807 0.000000 0.040877 0.999159 0.003095 10.430300 0.079614 -0.006345 0.996806 0.000000 0.000000 0.000000 0.000000 1.000000
0.999128 -0.034374 -0.023683 0.000000 0.033912 0.999232 -0.019650 10.430300 0.024340 0.018829 0.999526 -0.000000 0.000000 0.000000 0.000000 1.000000
0.998501 -0.048435 0.025474 0.000000 0.049350 0.998110 -0.036624 10.430300 -0.023652 0.037826 0.999004 0.000000 0.000000 0.000000 0.000000 1.000000
0.995273 -0.074160 0.062698 -0.000000 0.076692 0.996292 -0.038984 10.430300 -0.059574 0.043608 0.997271 0.000000 0.000000 0.000000 0.000000 1.000000
0.991797 -0.088359 0.092368 0.000000 0.092500 0.994845 -0.041552 10.430300 -0.088221 0.049755 0.994858 0.000000 0.000000 0.000000 0.000000 1.000000
0.990362 -0.079372 0.113508 -0.000000 0.085906 0.994846 -0.053874 10.430300 -0.108647 0.063106 0.992075 0.000000 0.000000 0.000000 0.000000 1.000000
0.988644 -0.073258 0.131209 0.000000 0.083175 0.993948 -0.071759 10.430300 -0.125158 0.081858 0.988754 0.000000 0.000000 0.000000 0.000000 1.000000
0.983551 -0.079308 0.162286 0.000000 0.095114 0.991201 -0.092053 10.430300 -0.153558 0.105975 0.982441 -0.000000 0.000000 0.000000 0.000000 1.000000
0.979915 -0.083267 0.181199 -0.000000 0.105856 0.987261 -0.118786 10.430300 -0.169000 0.135581 0.976246 0.000000 0.000000 0.000000 0.000000 1.000000
0.984416 -0.072740 0.160107 0.000000 0.097540 0.983410 -0.152939 10.430300 -0.146326 0.166173 0.975180 0.000000 0.000000 0.000000 0.000000 1.000000
0.990606 -0.054472 0.125431 0.000000 0.077140 0.979961 -0.183646 10.430300 -0.112914 0.191596 0.974957 0.000000 0.000000 0.000000 0.000000 1.000000
0.995254 -0.033762 0.091264 0.000000 0.052339 0.976395 -0.209554 10.430300 -0.082035 0.213336 0.973529 0.000000 0.000000 0.000000 0.000000 1.000000
0.998691 -0.009964 0.050178 -0.000000 0.021471 0.971915 -0.234351 10.430300 -0.046434 0.235121 0.970856 0.000000 0.000000 0.000000 0.000000 1.000000
0.999817 0.012124 0.014774 0.000000 -0.008026 0.967913 -0.251157 10.430300 -0.017345 0.250992 0.967834 0.000000 0.000000 0.000000 0.000000 1.000000
0.999663 0.025700 -0.003653 -0.000000 -0.025788 0.967159 -0.252861 10.430300 -0.002965 0.252870 0.967496 0.000000 0.000000 0.000000 0.000000 1.000000
0.999490 0.030221 -0.010311 0.000000 -0.031820 0.969567 -0.242748 10.430300 0.002661 0.242952 0.970035 -0.000000 0.000000 0.000000 0.000000 1.000000
0.999507 0.027486 -0.015195 -0.000000 -0.030209 0.973693 -0.225851 10.430300 0.008588 0.226198 0.974043 0.000000 0.000000 0.000000 0.000000 1.000000
0.999633 0.020050 -0.018194 0.000000 -0.023404 0.977775 -0.208347 10.430300 0.013612 0.208696 0.977886 0.000000 0.000000 0.000000 0.000000 1.000000
0.999882 0.011914 -0.009678 -0.000000 -0.013566 0.980886 -0.194110 10.430300 0.007180 0.194218 0.980932 0.000000 0.000000 0.000000 0.000000 1.000000
0.999986 0.004777 0.002455 -0.000000 -0.004265 0.984060 -0.177785 10.430300 -0.003265 0.177772 0.984066 0.000000 0.000000 0.000000 0.000000 1.000000
0.999999 -0.000361 0.001210 0.000000 0.000554 0.986598 -0.163169 10.430300 -0.001134 0.163169 0.986597 0.000000 0.000000 0.000000 0.000000 1.000000
0.999893 -0.006853 -0.012938 -0.000000 0.004795 0.988239 -0.152844 10.430300 0.013833 0.152766 0.988166 -0.000000 0.000000 0.000000 0.000000 1.000000
0.999451 -0.014617 -0.029741 -0.000000 0.010186 0.989520 -0.144038 10.430300 0.031535 0.143656 0.989125 0.000000 0.000000 0.000000 0.000000 1.000000
0.998823 -0.019777 -0.044285 0.000000 0.013483 0.990318 -0.138160 10.430300 0.046589 0.137401 0.989419 0.000000 0.000000 0.000000 0.000000 1.000000
0.998203 -0.021732 -0.055850 -0.000000 0.014072 0.990875 -0.134045 10.430300 0.058254 0.133018 0.989400 0.000000 0.000000 0.000000 0.000000 1.000000
0.997591 -0.024920 -0.064743 0.000000 0.016352 0.991425 -0.129648 10.430300 0.067419 0.128277 0.989444 0.000000 0.000000 0.000000 0.000000 1.000000
0.997024 -0.030023 -0.071011 0.000000 0.020995 0.991982 -0.124620 10.430300 0.074183 0.122758 0.989660 0.000000 0.000000 0.000000 0.000000 1.000000
0.996530 -0.035126 -0.075465 0.000000 0.025964 0.992540 -0.119125 10.430300 0.079087 0.116753 0.990007 0.000000 0.000000 0.000000 0.000000 1.000000
0.995927 -0.040543 -0.080531 0.000000 0.031207 0.992992 -0.113983 10.430300 0.084588 0.111006 0.990213 0.000000 0.000000 0.000000 0.000000 1.000000
0.995210 -0.045474 -0.086543 -0.000000 0.035883 0.993359 -0.109319 10.430300 0.090940 0.105690 0.990232 0.000000 0.000000 0.000000 0.000000 1.000000
0.994682 -0.049195 -0.090489 -0.000000 0.039567 0.993656 -0.105274 10.430300 0.095094 0.101134 0.990318 -0.000000 0.000000 0.000000 0.000000 1.000000
0.994493 -0.051747 -0.091137 0.000000 0.042239 0.993749 -0.103336 10.430300 0.095915 0.098917 0.990462 -0.000000 0.000000 0.000000 0.000000 1.000000
0.994452 -0.053577 -0.090527 0.000000 0.044142 0.993682 -0.103188 10.430300 0.095484 0.098620 0.990534 -0.000000 0.000000 0.000000 0.000000 1.000000
0.994431 -0.055486 -0.089604 -0.000000 0.046112 0.993560 -0.103497 10.430300 0.094770 0.098789 0.990585 -0.000000 0.000000 0.000000 0.000000 1.000000
