<?xml version="1.0" encoding="utf-8"?>
<COLLADA xmlns="http://www.collada.org/2005/11/COLLADASchema" version="1.4.1">
  <asset><contributor><author>Mixamo</author><authoring_tool>COLLADA Mixamo exporter</authoring_tool><comments></comments></contributor><created>2021-01-20T14:52:11Z</created><modified>2021-01-20T14:52:11Z</modified><revision></revision><title></title><unit meter="0.010000"/><up_axis>Y_UP</up_axis></asset>
  <library_animations>
    <animation id="mixamorig5_Hips-anim" name="mixamorig5_Hips"><source id="mixamorig5_Hips-Matrix-animation-input"><float_array id="mixamorig5_Hips-Matrix-animation-input-array" count="90">

0.000000 0.033333 0.066667 0.100000 0.133333 0.166667 0.200000 0.233333 0.266667 0.300000 0.333333 0.366667 0.400000 0.433333 0.466667 0.500000
0.533333 0.566667 0.600000 0.633333 0.666667 0.700000 0.733333 0.766667 0.800000 0.833333 0.866667 0.900000 0.933333 0.966667 1.000000 1.033333
1.066667 1.100000 1.133333 1.166667 1.200000 1.233333 1.266667 1.300000 1.333333 1.366667 1.400000 1.433333 1.466667 1.500000 1.533333 1.566667
1.600000 1.633333 1.666667 1.700000 1.733333 1.766667 1.800000 1.833333 1.866667 1.900000 1.933333 1.966667 2.000000 2.033333 2.066667 2.100000
2.133333 2.166667 2.200000 2.233333 2.266667 2.300000 2.333333 2.366667 2.400000 2.433333 2.466667 2.500000 2.533333 2.566667 2.600000 2.633333
2.666667 2.700000 2.733333 2.766667 2.800000 2.833333 2.866667 2.900000 2.933333 2.966667</float_array><technique_common><accessor source="#mixamorig5_Hips-Matrix-animation-input-array" count="90"><param name="TIME" type="float"/></accessor></technique_common></source><source id="mixamorig5_Hips-Matrix-animation-output-transform"><float_array id="mixamorig5_Hips-Matrix-animation-output-transform-array" count="1440">

0.945679 -0.002999 -0.325087 0.555129 -0.063077 0.979262 -0.192527 96.662407 0.318923 0.202574 0.925879 -1.615230 0.000000 0.000000 0.000000 1.000000
0.957947 0.012019 -0.286692 0.281541 -0.043685 0.993584 -0.104317 97.057411 0.283599 0.112455 0.952326 0.058744 0.000000 0.000000 0.000000 1.000000
0.975166 0.022841 -0.220296 -0.016920 -0.011671 0.998586 0.051871 97.763206 0.221169 -0.048012 0.974053 2.788698 0.000000 0.000000 0.000000 1.000000
0.990856 0.017758 -0.133749 -0.227837 0.010129 0.978712 0.204989 98.360367 0.134542 -0.204470 0.969583 5.690198 0.000000 0.000000 0.000000 1.000000
0.998586 0.009782 -0.052248 -0.448023 0.006765 0.951539 0.307454 98.670403 0.052724 -0.307373 0.950127 8.193677 0.000000 0.000000 0.000000 1.000000
0.999948 -0.000318 0.010230 -0.682351 -0.003473 0.929654 0.368418 98.842552 -0.009627 -0.368434 0.929604 10.310415 0.000000 0.000000 0.000000 1.000000
0.997903 -0.018804 0.061940 -0.814426 -0.008069 0.913280 0.407252 98.974815 -0.064227 -0.406898 0.911213 12.017451 0.000000 0.000000 0.000000 1.000000
0.992374 -0.036961 0.117590 -0.932794 -0.017934 0.900538 0.434408 98.924988 -0.121950 -0.433204 0.893008 13.119102 0.000000 0.000000 0.000000 1.000000
0.982113 -0.047186 0.182283 -1.152941 -0.041391 0.890308 0.453474 98.518311 -0.183686 -0.452907 0.872430 13.537502 0.000000 0.000000 0.000000 1.000000
0.965226 -0.055125 0.255540 -1.438922 -0.074430 0.879108 0.470775 97.734940 -0.250598 -0.473424 0.844435 13.377485 0.000000 0.000000 0.000000 1.000000
0.942867 -0.067684 0.326222 -1.761914 -0.107130 0.865557 0.489218 96.644440 -0.315476 -0.496216 0.808854 12.731749 0.000000 0.000000 0.000000 1.000000
0.925179 -0.086486 0.369545 -2.078610 -0.121135 0.855475 0.503477 95.342712 -0.359680 -0.510571 0.780991 11.638649 0.000000 0.000000 0.000000 1.000000
0.920293 -0.112614 0.374672 -2.187576 -0.104206 0.852523 0.512197 93.616013 -0.377097 -0.510414 0.772836 9.943460 0.000000 0.000000 0.000000 1.000000
0.927251 -0.142221 0.346378 -1.916629 -0.064855 0.850075 0.522653 91.896652 -0.368780 -0.507095 0.779010 7.521230 0.000000 0.000000 0.000000 1.000000
0.936342 -0.166811 0.308929 -1.451330 -0.024175 0.847196 0.530729 90.587646 -0.350255 -0.504413 0.789233 4.526600 0.000000 0.000000 0.000000 1.000000
0.940433 -0.182298 0.286971 -0.981966 0.004177 0.850219 0.526413 89.649155 -0.339952 -0.493858 0.800335 1.114375 0.000000 0.000000 0.000000 1.000000
0.942372 -0.190701 0.274897 -0.479490 0.024002 0.858068 0.512975 88.772507 -0.333705 -0.476815 0.813196 -2.666449 0.000000 0.000000 0.000000 1.000000
0.946386 -0.194524 0.257903 0.101177 0.041582 0.865083 0.499902 87.876030 -0.320351 -0.462376 0.826792 -6.837396 0.000000 0.000000 0.000000 1.000000
0.954339 -0.191275 0.229456 0.603102 0.058013 0.872168 0.485755 86.898888 -0.293037 -0.450264 0.843440 -11.307804 0.000000 0.000000 0.000000 1.000000
0.961632 -0.189789 0.198102 0.851098 0.076796 0.879449 0.469758 85.840218 -0.263375 -0.436520 0.860281 -15.666479 0.000000 0.000000 0.000000 1.000000
0.965090 -0.197468 0.172067 0.863308 0.099186 0.883564 0.457686 84.782280 -0.242411 -0.424642 0.872305 -19.540430 0.000000 0.000000 0.000000 1.000000
0.967745 -0.199940 0.153278 0.756299 0.112523 0.887382 0.447092 83.893036 -0.225407 -0.415423 0.881258 -22.962234 0.000000 0.000000 0.000000 1.000000
0.973878 -0.177540 0.141568 0.716110 0.101200 0.897462 0.429325 83.147720 -0.203274 -0.403783 0.891986 -26.064821 0.000000 0.000000 0.000000 1.000000
0.983111 -0.125018 0.133653 0.715087 0.061142 0.912711 0.404006 82.377625 -0.172494 -0.389011 0.904940 -29.209339 0.000000 0.000000 0.000000 1.000000
0.988134 -0.059778 0.141486 0.618605 0.002482 0.927251 0.374433 81.512535 -0.153576 -0.369639 0.916396 -33.112461 0.000000 0.000000 0.000000 1.000000
0.982385 -0.006359 0.186761 0.509808 -0.055393 0.944592 0.323538 80.758980 -0.178470 -0.328184 0.927601 -38.080910 0.000000 0.000000 0.000000 1.000000
0.969923 0.035700 0.240778 0.074925 -0.099851 0.960482 0.259817 80.176109 -0.221988 -0.276045 0.935158 -44.213631 0.000000 0.000000 0.000000 1.000000
0.970289 0.067942 0.232212 -0.885640 -0.124609 0.963013 0.238912 80.507828 -0.207391 -0.260749 0.942867 -50.311630 0.000000 0.000000 0.000000 1.000000
0.984427 0.091713 0.149976 -1.448668 -0.127147 0.960596 0.247162 81.666962 -0.121399 -0.262382 0.957297 -55.417686 0.000000 0.000000 0.000000 1.000000
0.992602 0.113063 0.044254 -1.440287 -0.120438 0.963030 0.240974 82.830986 -0.015373 -0.244522 0.969522 -59.576443 0.000000 0.000000 0.000000 1.000000
0.990723 0.129537 -0.041076 -1.289272 -0.116069 0.963812 0.239987 83.268539 0.070677 -0.232993 0.969907 -62.890079 0.000000 0.000000 0.000000 1.000000
0.986052 0.136231 -0.095614 -1.378168 -0.106973 0.958852 0.262981 83.333458 0.127505 -0.249085 0.960052 -65.355957 0.000000 0.000000 0.000000 1.000000
0.981873 0.137704 -0.130241 -1.673850 -0.093799 0.950126 0.297427 83.279282 0.164702 -0.279819 0.945819 -67.164139 0.000000 0.000000 0.000000 1.000000
0.977328 0.144303 -0.154942 -1.966452 -0.085858 0.939019 0.332975 82.888695 0.193543 -0.312123 0.930119 -68.451408 0.000000 0.000000 0.000000 1.000000
0.973607 0.149708 -0.172267 -2.219188 -0.078345 0.928163 0.363835 82.330963 0.214361 -0.340736 0.915395 -69.181984 0.000000 0.000000 0.000000 1.000000
0.972100 0.130617 -0.194835 -2.712504 -0.048161 0.924062 0.379197 81.627510 0.229569 -0.359234 0.904571 -69.211609 0.000000 0.000000 0.000000 1.000000
0.965851 0.099449 -0.239251 -3.371610 0.002341 0.920017 0.391871 80.423424 0.259087 -0.379049 0.888367 -69.481606 0.000000 0.000000 0.000000 1.000000
0.953160 0.117655 -0.278645 -3.210795 0.020911 0.893407 0.448761 80.138908 0.301742 -0.433568 0.849100 -70.262138 0.000000 0.000000 0.000000 1.000000
0.949060 0.172041 -0.263983 -3.046636 -0.002364 0.841652 0.540015 80.071083 0.315086 -0.511883 0.799185 -70.522064 0.000000 0.000000 0.000000 1.000000
0.959241 0.183444 -0.214954 -3.024450 -0.018786 0.800369 0.599213 80.234673 0.281965 -0.570751 0.771193 -70.461823 0.000000 0.000000 0.000000 1.000000
0.970370 0.150933 -0.188685 -3.251418 -0.004510 0.792077 0.610405 79.688538 0.241583 -0.591467 0.769288 -70.493164 0.000000 0.000000 0.000000 1.000000
0.971995 0.134404 -0.192771 -3.289837 0.018288 0.774552 0.632246 78.926903 0.234287 -0.618065 0.750403 -70.855904 0.000000 0.000000 0.000000 1.000000
0.966397 0.149367 -0.209204 -3.217043 0.036093 0.726940 0.685751 77.935242 0.254507 -0.670259 0.697122 -71.553719 0.000000 0.000000 0.000000 1.000000
0.961806 0.157491 -0.223889 -3.239754 0.059585 0.677844 0.732788 76.542610 0.267169 -0.718140 0.642570 -72.564636 0.000000 0.000000 0.000000 1.000000
0.961446 0.147946 -0.231806 -3.500629 0.086122 0.638550 0.764746 74.563133 0.261161 -0.755225 0.601190 -73.857056 0.000000 0.000000 0.000000 1.000000
0.960155 0.142615 -0.240341 -3.891713 0.112178 0.590995 0.798838 71.951904 0.255967 -0.793969 0.551448 -75.482063 0.000000 0.000000 0.000000 1.000000
0.953243 0.152529 -0.260887 -4.342402 0.142136 0.535549 0.832457 68.587700 0.266692 -0.830616 0.488829 -77.499657 0.000000 0.000000 0.000000 1.000000
0.939464 0.171773 -0.296481 -4.911306 0.182022 0.482894 0.856552 64.366951 0.290301 -0.858666 0.422396 -79.838745 0.000000 0.000000 0.000000 1.000000
0.918861 0.194970 -0.343048 -5.677433 0.231960 0.436403 0.869337 59.296749 0.319202 -0.878373 0.355768 -82.398659 0.000000 0.000000 0.000000 1.000000
0.894381 0.221701 -0.388498 -6.641349 0.282565 0.393264 0.874929 53.364204 0.346755 -0.892296 0.289083 -85.163589 0.000000 0.000000 0.000000 1.000000
0.868163 0.256784 -0.424683 -7.700922 0.327634 0.346191 0.879095 46.579430 0.372759 -0.902338 0.216419 -88.137276 0.000000 0.000000 0.000000 1.000000
0.844221 0.301756 -0.442983 -8.776057 0.361905 0.288719 0.886378 38.832905 0.395367 -0.908617 0.134535 -91.119530 0.000000 0.000000 0.000000 1.000000
0.824000 0.347385 -0.447602 -10.080368 0.391913 0.221063 0.893048 29.703716 0.409180 -0.911293 0.046011 -93.846077 0.000000 0.000000 0.000000 1.000000
0.801554 0.384069 -0.458260 -11.467845 0.442341 0.134773 0.886663 19.500761 0.402301 -0.913415 -0.061861 -96.497246 0.000000 0.000000 0.000000 1.000000
0.789597 0.413654 -0.453240 -12.221339 0.491906 0.014862 0.870521 11.964275 0.366830 -0.910313 -0.191744 -98.684166 0.000000 0.000000 0.000000 1.000000
0.801141 0.436187 -0.409774 -12.589060 0.487829 -0.079305 0.869329 11.514763 0.346693 -0.896355 -0.276319 -100.334007 0.000000 0.000000 0.000000 1.000000
0.794484 0.456962 -0.399976 -13.986453 0.489219 -0.091371 0.867361 14.972627 0.359805 -0.884781 -0.296148 -102.206123 0.000000 0.000000 0.000000 1.000000
0.739685 0.476406 -0.475293 -15.441177 0.575276 -0.081175 0.813921 17.781803 0.349175 -0.875470 -0.334109 -104.645927 0.000000 0.000000 0.000000 1.000000
0.671797 0.498020 -0.548330 -15.876944 0.669181 -0.090621 0.737553 20.104633 0.317626 -0.862418 -0.394144 -106.978683 0.000000 0.000000 0.000000 1.000000
0.638245 0.513940 -0.573157 -15.931585 0.704169 -0.088869 0.704448 21.996609 0.311108 -0.853210 -0.418621 -108.792618 0.000000 0.000000 0.000000 1.000000
0.633134 0.521975 -0.571562 -16.134684 0.699893 -0.070681 0.710741 22.595219 0.330591 -0.850027 -0.410077 -109.848129 0.000000 0.000000 0.000000 1.000000
0.644633 0.538859 -0.542291 -16.371231 0.675234 -0.068701 0.734397 22.241102 0.358480 -0.839590 -0.408143 -110.485947 0.000000 0.000000 0.000000 1.000000
0.665996 0.555563 -0.497794 -16.206406 0.642772 -0.088763 0.760898 21.421581 0.378541 -0.826723 -0.416216 -110.977005 0.000000 0.000000 0.000000 1.000000
0.686671 0.566264 -0.455881 -15.818885 0.613249 -0.114441 0.781555 20.188280 0.390395 -0.816240 -0.425845 -110.983543 0.000000 0.000000 0.000000 1.000000
0.708307 0.574600 -0.410045 -15.448213 0.575204 -0.133082 0.807112 18.840031 0.409197 -0.807542 -0.424775 -110.479881 0.000000 0.000000 0.000000 1.000000
0.727349 0.582843 -0.362294 -15.093358 0.526127 -0.134626 0.839682 17.841595 0.440628 -0.801355 -0.404570 -109.745102 0.000000 0.000000 0.000000 1.000000
0.732553 0.594548 -0.331479 -14.779780 0.487368 -0.118135 0.865169 17.460148 0.475225 -0.795334 -0.376304 -109.032425 0.000000 0.000000 0.000000 1.000000
0.726716 0.607228 -0.321181 -14.436270 0.467903 -0.095240 0.878633 17.526121 0.502941 -0.788799 -0.353337 -108.492287 0.000000 0.000000 0.000000 1.000000
0.716715 0.617729 -0.323621 -14.241034 0.463391 -0.075069 0.882968 17.693737 0.521141 -0.782800 -0.340053 -107.919876 0.000000 0.000000 0.000000 1.000000
0.702849 0.627181 -0.335630 -14.337876 0.470316 -0.055741 0.880736 17.908506 0.533673 -0.776876 -0.334151 -107.408844 0.000000 0.000000 0.000000 1.000000
0.684953 0.636087 -0.355292 -14.630829 0.484117 -0.032913 0.874384 18.160824 0.544491 -0.770915 -0.330484 -107.199936 0.000000 0.000000 0.000000 1.000000
0.666313 0.642886 -0.377788 -14.945572 0.499022 -0.007983 0.866552 18.325645 0.554079 -0.765920 -0.326134 -107.113724 0.000000 0.000000 0.000000 1.000000
0.650000 0.648193 -0.396668 -15.226995 0.511848 0.012390 0.858987 18.378128 0.561704 -0.761375 -0.323723 -107.083847 0.000000 0.000000 0.000000 1.000000
0.636704 0.653643 -0.409095 -15.591139 0.523447 0.023198 0.851743 18.359842 0.566226 -0.756447 -0.327377 -107.140244 0.000000 0.000000 0.000000 1.000000
0.626659 0.658505 -0.416737 -16.001661 0.534576 0.025862 0.844724 18.306496 0.567033 -0.752132 -0.335814 -107.254845 0.000000 0.000000 0.000000 1.000000
0.620655 0.661104 -0.421579 -16.330589 0.544097 0.024009 0.838679 18.253246 0.564576 -0.749910 -0.344804 -107.406898 0.000000 0.000000 0.000000 1.000000
0.619293 0.661480 -0.422989 -16.505104 0.550525 0.018290 0.834618 18.229488 0.559820 -0.749740 -0.352834 -107.572563 0.000000 0.000000 0.000000 1.000000
0.622611 0.660192 -0.420122 -16.513865 0.552757 0.008985 0.833294 18.242847 0.553909 -0.751043 -0.359332 -107.708916 0.000000 0.000000 0.000000 1.000000
0.629093 0.657897 -0.414021 -16.361528 0.550815 -0.001461 0.834626 18.261786 0.548493 -0.753106 -0.363299 -107.790329 0.000000 0.000000 0.000000 1.000000
0.636844 0.655311 -0.406197 -16.046263 0.545611 -0.010817 0.837969 18.238338 0.544737 -0.755281 -0.364434 -107.819489 0.000000 0.000000 0.000000 1.000000
0.645698 0.652154 -0.397203 -15.643182 0.537557 -0.018785 0.843018 18.155647 0.542316 -0.757854 -0.362700 -107.799438 0.000000 0.000000 0.000000 1.000000
0.655663 0.648534 -0.386666 -15.298426 0.526883 -0.026169 0.849535 18.044542 0.540833 -0.760736 -0.358859 -107.730385 0.000000 0.000000 0.000000 1.000000
0.664956 0.645621 -0.375509 -15.048059 0.515443 -0.032837 0.856295 17.953463 0.540511 -0.762952 -0.354616 -107.636368 0.000000 0.000000 0.000000 1.000000
0.671702 0.644100 -0.365994 -14.835761 0.505786 -0.037745 0.861833 17.910563 0.541292 -0.764010 -0.351130 -107.550446 0.000000 0.000000 0.000000 1.000000
0.675210 0.643622 -0.360335 -14.681876 0.499788 -0.039914 0.865228 17.901161 0.542497 -0.764302 -0.348625 -107.490669 0.000000 0.000000 0.000000 1.000000
0.675247 0.643974 -0.359638 -14.627031 0.498491 -0.039059 0.866015 17.905426 0.543644 -0.764050 -0.347390 -107.466286 0.000000 0.000000 0.000000 1.000000
0.672003 0.645313 -0.363295 -14.665843 0.501548 -0.035659 0.864395 17.913622 0.544851 -0.763085 -0.347618 -107.481911 0.000000 0.000000 0.000000 1.000000
0.666481 0.647507 -0.369510 -14.774096 0.507364 -0.030784 0.861182 17.922138 0.546246 -0.761437 -0.349039 -107.533012 0.000000 0.000000 0.000000 1.000000
0.659930 0.650054 -0.376727 -14.926568 0.514253 -0.025251 0.857267 17.931259 0.547757 -0.759469 -0.350956 -107.602737 0.000000 0.000000 0.000000 1.000000
0.653322 0.652470 -0.383998 -15.094644 0.521043 -0.019527 0.853307 17.938761 0.549259 -0.757563 -0.352722 -107.673401 0.000000 0.000000 0.000000 1.000000</float_array><technique_common><accessor source="#mixamorig5_Hips-Matrix-animation-output-transform-array" count="90" stride="16"><param type="float4x4"/></accessor></technique_common></source><source id="mixamorig5_Hips-Interpolations"><Name_array id="mixamorig5_Hips-Interpolations-array" count="90">
 LINEAR LINEAR LINEAR LINEAR LINEAR LINEAR LINEAR LINEAR LINEAR LINEAR LINEAR
LINEAR LINEAR LINEAR LINEAR LINEAR LINEAR LINEAR LINEAR LINEAR LINEAR LINEAR LINEAR
LINEAR LINEAR LINEAR LINEAR LINEAR LINEAR LINEAR LINEAR LINEAR LINEAR LINEAR LINEAR
LINEAR LINEAR LINEAR LINEAR LINEAR LINEAR LINEAR LINEAR LINEAR LINEAR LINEAR LINEAR
LINEAR LINEAR LINEAR LINEAR LINEAR LINEAR LINEAR LINEAR LINEAR LINEAR LINEAR LINEAR
LINEAR LINEAR LINEAR LINEAR LINEAR LINEAR LINEAR LINEAR LINEAR LINEAR LINEAR LINEAR
LINEAR LINEAR LINEAR LINEAR LINEAR LINEAR LINEAR LINEAR LINEAR LINEAR LINEAR LINEAR
LINEAR LINEAR LINEAR LINEAR LINEAR LINEAR LINEAR</Name_array><technique_common><accessor source="#mixamorig5_Hips-Interpolations-array" count="90"><param type="name"/></accessor></technique_common></source><sampler id="mixamorig5_Hips-Matrix-animation-transform"><input semantic="INPUT" source="#mixamorig5_Hips-Matrix-animation-input"/><input semantic="OUTPUT" source="#mixamorig5_Hips-Matrix-animation-output-transform"/><input semantic="INTERPOLATION" source="#mixamorig5_Hips-Interpolations"/></sampler><channel source="#mixamorig5_Hips-Matrix-animation-transform" target="mixamorig5_Hips/matrix"/></animation>
    <animation id="mixamorig5_Spine-anim" name="mixamorig5_Spine"><source id="mixamorig5_Spine-Matrix-animation-input"><float_array id="mixamorig5_Spine-Matrix-animation-input-array" count="90">

0.000000 0.033333 0.066667 0.100000 0.133333 0.166667 0.200000 0.233333 0.266667 0.300000 0.333333 0.366667 0.400000 0.433333 0.466667 0.500000
0.533333 0.566667 0.600000 0.633333 0.666667 0.700000 0.733333 0.766667 0.800000 0.833333 0.866667 0.900000 0.933333 0.966667 1.000000 1.033333
1.066667 1.100000 1.133333 1.166667 1.200000 1.233333 1.266667 1.300000 1.333333 1.366667 1.400000 1.433333 1.466667 1.500000 1.533333 1.566667
1.600000 1.633333 1.666667 1.700000 1.733333 1.766667 1.800000 1.833333 1.866667 1.900000 1.933333 1.966667 2.000000 2.033333 2.066667 2.100000
2.133333 2.166667 2.200000 2.233333 2.266667 2.300000 2.333333 2.366667 2.400000 2.433333 2.466667 2.500000 2.533333 2.566667 2.600000 2.633333
2.666667 2.700000 2.733333 2.766667 2.800000 2.833333 2.866667 2.900000 2.933333 2.966667</float_array><technique_common><accessor source="#mixamorig5_Spine-Matrix-animation-input-array" count="90"><param name="TIME" type="float"/></accessor></technique_common></source><source id="mixamorig5_Spine-Matrix-animation-output-transform"><float_array id="mixamorig5_Spine-Matrix-animation-output-transform-array" count="1440">

0.999344 -0.033189 -0.014475 0.000000 0.034590 0.993258 0.110648 8.836100 0.010705 -0.111076 0.993754 -1.360800 0.000000 0.000000 0.000000 1.000000
0.999518 -0.028152 -0.013090 -0.000000 0.029734 0.989314 0.142736 8.836100 0.008932 -0.143056 0.989674 -1.360800 0.000000 0.000000 0.000000 1.000000
0.999646 -0.020030 -0.017526 -0.000000 0.022632 0.986250 0.163703 8.836100 0.014006 -0.164042 0.986354 -1.360800 0.000000 0.000000 0.000000 1.000000
0.999648 -0.010627 -0.024303 -0.000000 0.014877 0.983186 0.182000 8.836100 0.021961 -0.182298 0.982998 -1.360800 0.000000 0.000000 0.000000 1.000000
0.999804 -0.006968 -0.018519 0.000000 0.010700 0.977683 0.209812 8.836100 0.016644 -0.209970 0.977566 -1.360800 0.000000 0.000000 0.000000 1.000000
0.999885 -0.007836 0.013021 0.000000 0.004442 0.970095 0.242687 8.836100 -0.014533 -0.242601 0.970017 -1.360800 0.000000 0.000000 0.000000 1.000000
0.997577 -0.003168 0.069500 0.000000 -0.015548 0.963547 0.267085 8.836100 -0.067812 -0.267519 0.961163 -1.360800 0.000000 0.000000 0.000000 1.000000
0.990658 0.013078 0.135744 0.000000 -0.050913 0.958888 0.279182 8.836100 -0.126512 -0.283485 0.950595 -1.360800 0.000000 0.000000 0.000000 1.000000
0.981120 0.037441 0.189742 0.000000 -0.091457 0.954272 0.284607 8.836100 -0.170409 -0.296587 0.939679 -1.360800 0.000000 0.000000 0.000000 1.000000
0.974200 0.063292 0.216631 0.000000 -0.125474 0.949744 0.286778 8.836100 -0.187593 -0.306561 0.933182 -1.360800 0.000000 0.000000 0.000000 1.000000
0.972101 0.085099 0.218582 -0.000000 -0.147153 0.946932 0.285772 8.836100 -0.182663 -0.309964 0.933036 -1.360800 0.000000 0.000000 0.000000 1.000000
0.973902 0.096328 0.205513 0.000000 -0.153248 0.946991 0.282352 8.836100 -0.167421 -0.306478 0.937039 -1.360800 0.000000 0.000000 0.000000 1.000000
0.979297 0.089872 0.181386 -0.000000 -0.137771 0.952403 0.271933 8.836100 -0.148313 -0.291293 0.945067 -1.360800 0.000000 0.000000 0.000000 1.000000
0.986461 0.064151 0.150930 -0.000000 -0.100437 0.963856 0.246766 8.836100 -0.129645 -0.258584 0.957250 -1.360800 0.000000 0.000000 0.000000 1.000000
0.991227 0.029355 0.128869 0.000000 -0.056174 0.976146 0.209720 8.836100 -0.119639 -0.215120 0.969232 -1.360800 0.000000 0.000000 0.000000 1.000000
0.992373 -0.002067 0.123255 0.000000 -0.019276 0.984957 0.171723 8.836100 -0.121756 -0.172789 0.977405 -1.360800 0.000000 0.000000 0.000000 1.000000
0.991907 -0.030501 0.123253 0.000000 0.013946 0.991017 0.133007 8.836100 -0.126202 -0.130212 0.983422 -1.360800 0.000000 0.000000 0.000000 1.000000
0.991119 -0.061482 0.117910 -0.000000 0.051482 0.994959 0.086064 8.836100 -0.122607 -0.079229 0.989288 -1.360800 0.000000 0.000000 0.000000 1.000000
0.989766 -0.085330 0.114376 0.000000 0.081938 0.996056 0.034050 8.836100 -0.116831 -0.024330 0.992854 -1.360800 0.000000 0.000000 0.000000 1.000000
0.989290 -0.079393 0.122480 -0.000000 0.081237 0.996643 -0.010128 8.836100 -0.121265 0.019970 0.992419 -1.360800 0.000000 0.000000 0.000000 1.000000
0.989904 -0.038525 0.136402 0.000000 0.043828 0.998387 -0.036086 8.836100 -0.134792 0.041700 0.989996 -1.360800 0.000000 0.000000 0.000000 1.000000
0.989990 0.010706 0.140732 -0.000000 -0.005809 0.999365 -0.035160 8.836100 -0.141019 0.033990 0.989423 -1.360800 0.000000 0.000000 0.000000 1.000000
0.991774 0.037402 0.122412 0.000000 -0.036900 0.999299 -0.006368 8.836100 -0.122564 0.001799 0.992459 -1.360800 0.000000 0.000000 0.000000 1.000000
0.996495 0.039698 0.073629 0.000000 -0.041974 0.998680 0.029620 8.836100 -0.072356 -0.032607 0.996846 -1.360800 0.000000 0.000000 0.000000 1.000000
0.999183 0.039814 -0.006888 0.000000 -0.039423 0.997983 0.049754 8.836100 0.008855 -0.049442 0.998738 -1.360800 0.000000 0.000000 0.000000 1.000000
0.993162 0.054382 -0.103302 0.000000 -0.050043 0.997771 0.044143 8.836100 0.105472 -0.038671 0.993670 -1.360800 0.000000 0.000000 0.000000 1.000000
0.981881 0.080050 -0.171758 0.000000 -0.081272 0.996692 -0.000085 8.836100 0.171183 0.014043 0.985139 -1.360800 0.000000 0.000000 0.000000 1.000000
0.978229 0.112026 -0.174694 0.000000 -0.127137 0.988828 -0.077817 8.836100 0.164024 0.098333 0.981543 -1.360800 0.000000 0.000000 0.000000 1.000000
0.979531 0.149679 -0.134595 0.000000 -0.168748 0.975134 -0.143660 8.836100 0.109746 0.163432 0.980432 -1.360800 0.000000 0.000000 0.000000 1.000000
0.979821 0.171953 -0.101894 0.000000 -0.187322 0.967817 -0.168051 8.836100 0.069718 0.183747 0.980498 -1.360800 0.000000 0.000000 0.000000 1.000000
0.981798 0.169069 -0.086533 -0.000000 -0.182106 0.967387 -0.176070 8.836100 0.053943 0.188623 0.980567 -1.360800 0.000000 0.000000 0.000000 1.000000
0.985545 0.155015 -0.068344 0.000000 -0.165321 0.968138 -0.188092 8.836100 0.037010 0.196672 0.979771 -1.360800 0.000000 0.000000 0.000000 1.000000
0.989973 0.132243 -0.049652 0.000000 -0.139329 0.972025 -0.189091 8.836100 0.023257 0.194113 0.980703 -1.360800 0.000000 0.000000 0.000000 1.000000
0.994501 0.090737 -0.052287 0.000000 -0.098187 0.981529 -0.164196 8.836100 0.036423 0.168427 0.985041 -1.360800 0.000000 0.000000 0.000000 1.000000
0.995759 0.047978 -0.078500 0.000000 -0.056105 0.992906 -0.104830 8.836100 0.072914 0.108789 0.991387 -1.360800 0.000000 0.000000 0.000000 1.000000
0.994213 0.038023 -0.100477 0.000000 -0.039394 0.999155 -0.011697 8.836100 0.099947 0.015587 0.994871 -1.360800 0.000000 0.000000 0.000000 1.000000
0.993930 0.040495 -0.102295 0.000000 -0.033792 0.997219 0.066425 8.836100 0.104700 -0.062565 0.992534 -1.360800 0.000000 0.000000 0.000000 1.000000
0.992535 0.007337 -0.121739 0.000000 0.002211 0.996942 0.078115 8.836100 0.121940 -0.077801 0.989484 -1.360800 0.000000 0.000000 0.000000 1.000000
0.982051 -0.045066 -0.183153 0.000000 0.056894 0.996585 0.059847 8.836100 0.179830 -0.069193 0.981261 -1.360800 0.000000 0.000000 0.000000 1.000000
0.964995 -0.056370 -0.256139 -0.000000 0.083025 0.992060 0.094467 8.836100 0.248780 -0.112427 0.962013 -1.360800 0.000000 0.000000 0.000000 1.000000
0.953157 -0.023569 -0.301555 0.000000 0.082533 0.979395 0.184320 8.836100 0.290997 -0.200574 0.935463 -1.360800 0.000000 0.000000 0.000000 1.000000
0.946049 -0.007022 -0.323948 0.000000 0.092061 0.964389 0.247949 8.836100 0.310670 -0.264395 0.913006 -1.360800 0.000000 0.000000 0.000000 1.000000
0.938902 -0.021274 -0.343526 -0.000000 0.117106 0.958285 0.260721 8.836100 0.323649 -0.285021 0.902228 -1.360800 0.000000 0.000000 0.000000 1.000000
0.934020 -0.029402 -0.356010 0.000000 0.134200 0.952487 0.273421 8.836100 0.331055 -0.303157 0.893587 -1.360800 0.000000 0.000000 0.000000 1.000000
0.934071 -0.015199 -0.356764 0.000000 0.133108 0.941906 0.308374 8.836100 0.331352 -0.335531 0.881830 -1.360800 0.000000 0.000000 0.000000 1.000000
0.937111 0.001303 -0.349029 -0.000000 0.124336 0.933145 0.337315 8.836100 0.326135 -0.359498 0.874298 -1.360800 0.000000 0.000000 0.000000 1.000000
0.941625 0.004393 -0.336636 -0.000000 0.119045 0.930972 0.345137 8.836100 0.314915 -0.365065 0.876103 -1.360800 0.000000 0.000000 0.000000 1.000000
0.947753 -0.001905 -0.319000 0.000000 0.117846 0.931339 0.344559 8.836100 0.296440 -0.364149 0.882903 -1.360800 0.000000 0.000000 0.000000 1.000000
0.954610 -0.009267 -0.297713 0.000000 0.116892 0.930987 0.345832 8.836100 0.273962 -0.364936 0.889813 -1.360800 0.000000 0.000000 0.000000 1.000000
0.960643 -0.016230 -0.277312 -0.000000 0.115390 0.931404 0.345213 8.836100 0.252687 -0.363626 0.896619 -1.360800 0.000000 0.000000 0.000000 1.000000
0.966310 -0.027644 -0.255891 0.000000 0.114733 0.936234 0.332118 8.836100 0.230393 -0.350288 0.907864 -1.360800 0.000000 0.000000 0.000000 1.000000
0.973318 -0.043800 -0.225241 0.000000 0.111712 0.947877 0.298412 8.836100 0.200430 -0.315612 0.927479 -1.360800 0.000000 0.000000 0.000000 1.000000
0.981571 -0.052240 -0.183818 -0.000000 0.096718 0.965420 0.242096 8.836100 0.164814 -0.255413 0.952681 -1.360800 0.000000 0.000000 0.000000 1.000000
0.989995 -0.048199 -0.132614 0.000000 0.069499 0.984505 0.160998 8.836100 0.122799 -0.168604 0.978005 -1.360800 0.000000 0.000000 0.000000 1.000000
0.997489 -0.046450 -0.053454 0.000000 0.050037 0.996440 0.067852 8.836100 0.050112 -0.070357 0.996262 -1.360800 0.000000 0.000000 0.000000 1.000000
0.997492 -0.040319 0.058168 0.000000 0.039389 0.999079 0.017048 8.836100 -0.058802 -0.014714 0.998161 -1.360800 0.000000 0.000000 0.000000 1.000000
0.988541 -0.017176 0.149973 -0.000000 0.009837 0.998724 0.049540 8.836100 -0.150633 -0.047497 0.987448 -1.360800 0.000000 0.000000 0.000000 1.000000
0.980383 0.000108 0.197101 0.000000 -0.025452 0.991697 0.126055 8.836100 -0.195451 -0.128598 0.972246 -1.360800 0.000000 0.000000 0.000000 1.000000
0.974432 -0.017139 0.224026 0.000000 -0.026045 0.981748 0.188394 8.836100 -0.223166 -0.189412 0.956201 -1.360800 0.000000 0.000000 0.000000 1.000000
0.969442 -0.055626 0.238930 -0.000000 0.000513 0.974411 0.224774 8.836100 -0.245319 -0.217783 0.944664 -1.360800 0.000000 0.000000 0.000000 1.000000
0.968516 -0.075773 0.237139 0.000000 0.018908 0.972192 0.233421 8.836100 -0.248232 -0.221588 0.943016 -1.360800 0.000000 0.000000 0.000000 1.000000
0.971188 -0.069005 0.228105 0.000000 0.020623 0.977906 0.208024 8.836100 -0.237420 -0.197326 0.951154 -1.360800 0.000000 0.000000 0.000000 1.000000
0.972191 -0.053073 0.228096 0.000000 0.016057 0.986797 0.161166 8.836100 -0.233638 -0.153022 0.960207 -1.360800 0.000000 0.000000 0.000000 1.000000
0.969995 -0.038461 0.240062 0.000000 0.011761 0.993675 0.111675 8.836100 -0.242839 -0.105501 0.964313 -1.360800 0.000000 0.000000 0.000000 1.000000
0.968540 -0.030645 0.246966 0.000000 0.013235 0.997328 0.071851 8.836100 -0.248508 -0.066322 0.966357 -1.360800 0.000000 0.000000 0.000000 1.000000
0.970014 -0.035155 0.240493 0.000000 0.023083 0.998337 0.052830 8.836100 -0.241951 -0.045695 0.969212 -1.360800 0.000000 0.000000 0.000000 1.000000
0.971325 -0.052300 0.231931 0.000000 0.039573 0.997462 0.059195 8.836100 -0.234438 -0.048319 0.970930 -1.360800 0.000000 0.000000 0.000000 1.000000
0.970768 -0.075297 0.227903 -0.000000 0.058372 0.995074 0.080127 8.836100 -0.232814 -0.064482 0.970381 -1.360800 0.000000 0.000000 0.000000 1.000000
0.969851 -0.097395 0.223391 0.000000 0.076117 0.991870 0.101979 8.836100 -0.231507 -0.081901 0.969380 -1.360800 0.000000 0.000000 0.000000 1.000000
0.969749 -0.116370 0.214579 0.000000 0.091220 0.988127 0.123627 8.836100 -0.226418 -0.100313 0.968851 -1.360800 0.000000 0.000000 0.000000 1.000000
0.970217 -0.133211 0.202322 0.000000 0.103951 0.983363 0.148966 8.836100 -0.218800 -0.123498 0.967923 -1.360800 0.000000 0.000000 0.000000 1.000000
0.970707 -0.148138 0.189162 0.000000 0.115272 0.977921 0.174305 8.836100 -0.210807 -0.147394 0.966352 -1.360800 0.000000 0.000000 0.000000 1.000000
0.970893 -0.159052 0.179079 0.000000 0.124066 0.973519 0.192012 8.836100 -0.204877 -0.164206 0.964916 -1.360800 0.000000 0.000000 0.000000 1.000000
0.970720 -0.163238 0.176225 0.000000 0.127195 0.971631 0.199386 8.836100 -0.203774 -0.171134 0.963945 -1.360800 0.000000 0.000000 0.000000 1.000000
0.970272 -0.161472 0.180275 0.000000 0.124645 0.971903 0.199670 8.836100 -0.207451 -0.171264 0.963137 -1.360800 0.000000 0.000000 0.000000 1.000000
0.969733 -0.157674 0.186431 0.000000 0.120283 0.972954 0.197211 8.836100 -0.212484 -0.168818 0.962471 -1.360800 0.000000 0.000000 0.000000 1.000000
0.969253 -0.154067 0.191863 0.000000 0.116436 0.974072 0.193975 8.836100 -0.216773 -0.165672 0.962061 -1.360800 0.000000 0.000000 0.000000 1.000000
0.968429 -0.150577 0.198674 0.000000 0.112649 0.975285 0.190078 8.836100 -0.222385 -0.161697 0.961457 -1.360800 0.000000 0.000000 0.000000 1.000000
0.966732 -0.148176 0.208502 0.000000 0.109808 0.976601 0.184912 8.836100 -0.231023 -0.155866 0.960382 -1.360800 0.000000 0.000000 0.000000 1.000000
0.964752 -0.147462 0.217964 -0.000000 0.109360 0.978005 0.177613 8.836100 -0.239361 -0.147516 0.959659 -1.360800 0.000000 0.000000 0.000000 1.000000
0.964088 -0.146007 0.221849 0.000000 0.109640 0.979626 0.168263 8.836100 -0.241897 -0.137897 0.960453 -1.360800 0.000000 0.000000 0.000000 1.000000
0.965259 -0.142031 0.219321 0.000000 0.108395 0.981394 0.158482 8.836100 -0.237750 -0.129203 0.962695 -1.360800 0.000000 0.000000 0.000000 1.000000
0.966827 -0.137812 0.215065 0.000000 0.106651 0.982862 0.150358 8.836100 -0.232101 -0.122434 0.964956 -1.360800 0.000000 0.000000 0.000000 1.000000
0.967418 -0.136211 0.213421 0.000000 0.106467 0.983659 0.145190 8.836100 -0.229709 -0.117738 0.966112 -1.360800 0.000000 0.000000 0.000000 1.000000
0.967181 -0.137076 0.213941 0.000000 0.107725 0.983794 0.143333 8.836100 -0.230121 -0.115582 0.966274 -1.360800 0.000000 0.000000 0.000000 1.000000
0.967095 -0.138894 0.213155 -0.000000 0.109426 0.983457 0.144357 8.836100 -0.229679 -0.116282 0.966295 -1.360800 0.000000 0.000000 0.000000 1.000000
0.967402 -0.141138 0.210271 -0.000000 0.111331 0.982783 0.147456 8.836100 -0.227462 -0.119240 0.966459 -1.360800 0.000000 0.000000 0.000000 1.000000
0.967148 -0.144134 0.209405 0.000000 0.113403 0.981846 0.152047 8.836100 -0.227519 -0.123305 0.965935 -1.360800 0.000000 0.000000 0.000000 1.000000
0.965753 -0.147910 0.213177 0.000000 0.115397 0.980724 0.157682 8.836100 -0.232391 -0.127682 0.964205 -1.360800 0.000000 0.000000 0.000000 1.000000
0.963778 -0.151945 0.219189 -0.000000 0.117181 0.979515 0.163765 8.836100 -0.239582 -0.132148 0.961840 -1.360800 0.000000 0.000000 0.000000 1.000000</float_array><technique_common><accessor source="#mixamorig5_Spine-Matrix-animation-output-transform-array" count="90" stride="16"><param type="float4x4"/></accessor></technique_common></source><source id="mixamorig5_Spine-Interpolations"><Name_array id="mixamorig5_Spine-Interpolations-array" count="90">
 LINEAR LINEAR LINEAR LINEAR LINEAR LINEAR LINEAR LINEAR LINEAR LINEAR LINEAR
LINEAR LINEAR LINEAR LINEAR LINEAR LINEAR LINEAR LINEAR LINEAR LINEAR LINEAR LINEAR
LINEAR LINEAR LINEAR LINEAR LINEAR LINEAR LINEAR LINEAR LINEAR LINEAR LINEAR LINEAR
LINEAR LINEAR LINEAR LINEAR LINEAR LINEAR LINEAR LINEAR LINEAR LINEAR LINEAR LINEAR
LINEAR LINEAR LINEAR LINEAR LINEAR LINEAR LINEAR LINEAR LINEAR LINEAR LINEAR LINEAR
LINEAR LINEAR LINEAR LINEAR LINEAR LINEAR LINEAR LINEAR LINEAR LINEAR LINEAR LINEAR
LINEAR LINEAR LINEAR LINEAR LINEAR LINEAR LINEAR LINEAR LINEAR LINEAR LINEAR LINEAR
LINEAR LINEAR LINEAR LINEAR LINEAR LINEAR LINEAR</Name_array><technique_common><accessor source="#mixamorig5_Spine-Interpolations-array" count="90"><param type="name"/></accessor></technique_common></source><sampler id="mixamorig5_Spine-Matrix-animation-transform"><input semantic="INPUT" source="#mixamorig5_Spine-Matrix-animation-input"/><input semantic="OUTPUT" source="#mixamorig5_Spine-Matrix-animation-output-transform"/><input semantic="INTERPOLATION" source="#mixamorig5_Spine-Interpolations"/></sampler><channel source="#mixamorig5_Spine-Matrix-animation-transform" target="mixamorig5_Spine/matrix"/></animation>
    <animation id="mixamorig5_Spine1-anim" name="mixamorig5_Spine1"><source id="mixamorig5_Spine1-Matrix-animation-input"><float_array id="mixamorig5_Spine1-Matrix-animation-input-array" count="90">

0.000000 0.033333 0.066667 0.100000 0.133333 0.166667 0.200000 0.233333 0.266667 0.300000 0.333333 0.366667 0.400000 0.433333 0.466667 0.500000
0.533333 0.566667 0.600000 0.633333 0.666667 0.700000 0.733333 0.766667 0.800000 0.833333 0.866667 0.900000 0.933333 0.966667 1.000000 1.033333
1.066667 1.100000 1.133333 1.166667 1.200000 1.233333 1.266667 1.300000 1.333333 1.366667 1.400000 1.433333 1.466667 1.500000 1.533333 1.566667
1.600000 1.633333 1.666667 1.700000 1.733333 1.766667 1.800000 1.833333 1.866667 1.900000 1.933333 1.966667 2.000000 2.033333 2.066667 2.100000
2.133333 2.166667 2.200000 2.233333 2.266667 2.300000 2.333333 2.366667 2.400000 2.433333 2.466667 2.500000 2.533333 2.566667 2.600000 2.633333
2.666667 2.700000 2.733333 2.766667 2.800000 2.833333 2.866667 2.900000 2.933333 2.966667</float_array><technique_common><accessor source="#mixamorig5_Spine1-Matrix-animation-input-array" count="90"><param name="TIME" type="float"/></accessor></technique_common></source><source id="mixamorig5_Spine1-Matrix-animation-output-transform"><float_array id="mixamorig5_Spine1-Matrix-animation-output-transform-array" count="1440">

0.999458 -0.022361 -0.024159 -0.000000 0.019038 0.991334 -0.129979 10.430300 0.026856 0.129449 0.991222 -0.000000 0.000000 0.000000 0.000000 1.000000
0.999497 -0.022590 -0.022280 0.000000 0.019742 0.992495 -0.120678 10.430300 0.024839 0.120177 0.992442 -0.000000 0.000000 0.000000 0.000000 1.000000
0.999560 -0.019785 -0.022087 0.000000 0.017254 0.993845 -0.109425 10.430300 0.024117 0.108996 0.993750 0.000000 0.000000 0.000000 0.000000 1.000000
0.999637 -0.014673 -0.022588 0.000000 0.012412 0.995188 -0.097190 10.430300 0.023906 0.096875 0.995009 0.000000 0.000000 0.000000 0.000000 1.000000
0.999750 -0.011056 -0.019414 0.000000 0.009396 0.996457 -0.083577 10.430300 0.020269 0.083374 0.996312 -0.000000 0.000000 0.000000 0.000000 1.000000
0.999914 -0.009593 -0.008964 0.000000 0.008950 0.997558 -0.069265 10.430300 0.009606 0.069178 0.997558 0.000000 0.000000 0.000000 0.000000 1.000000
0.999949 -0.006132 0.007976 0.000000 0.006574 0.998370 -0.056701 10.430300 -0.007616 0.056750 0.998359 0.000000 0.000000 0.000000 0.000000 1.000000
0.999636 0.001695 0.026920 -0.000000 -0.000442 0.998920 -0.046457 10.430300 -0.026970 0.046429 0.998557 0.000000 0.000000 0.000000 0.000000 1.000000
0.999052 0.011018 0.042107 0.000000 -0.009448 0.999260 -0.037291 10.430300 -0.042487 0.036858 0.998417 0.000000 0.000000 0.000000 0.000000 1.000000
0.998601 0.017669 0.049844 0.000000 -0.016224 0.999440 -0.029260 10.430300 -0.050333 0.028410 0.998328 0.000000 0.000000 0.000000 0.000000 1.000000
0.998494 0.019923 0.051107 -0.000000 -0.018772 0.999561 -0.022907 10.430300 -0.051541 0.021913 0.998430 -0.000000 0.000000 0.000000 0.000000 1.000000
0.998615 0.018791 0.049135 -0.000000 -0.017990 0.999699 -0.016695 10.430300 -0.049433 0.015788 0.998653 0.000000 0.000000 0.000000 0.000000 1.000000
0.998858 0.015543 0.045178 0.000000 -0.015101 0.999835 -0.010125 10.430300 -0.045327 0.009431 0.998928 0.000000 0.000000 0.000000 0.000000 1.000000
0.999173 0.009508 0.039532 0.000000 -0.009220 0.999930 -0.007471 10.430300 -0.039601 0.007100 0.999190 0.000000 0.000000 0.000000 0.000000 1.000000
0.999385 0.000786 0.035047 0.000000 -0.000395 0.999938 -0.011170 10.430300 -0.035054 0.011150 0.999323 0.000000 0.000000 0.000000 0.000000 1.000000
0.999385 -0.007633 0.034211 0.000000 0.008251 0.999805 -0.017967 10.430300 -0.034067 0.018238 0.999253 0.000000 0.000000 0.000000 0.000000 1.000000
0.999309 -0.013259 0.034723 -0.000000 0.014137 0.999584 -0.025154 10.430300 -0.034375 0.025628 0.999080 -0.000000 0.000000 0.000000 0.000000 1.000000
0.999297 -0.016569 0.033616 -0.000000 0.017658 0.999320 -0.032375 10.430300 -0.033056 0.032946 0.998910 0.000000 0.000000 0.000000 0.000000 1.000000
0.999307 -0.018281 0.032438 0.000000 0.019544 0.999046 -0.039048 10.430300 -0.031693 0.039655 0.998711 0.000000 0.000000 0.000000 0.000000 1.000000
0.999282 -0.016348 0.034188 0.000000 0.017867 0.998845 -0.044606 10.430300 -0.033419 0.045185 0.998419 -0.000000 0.000000 0.000000 0.000000 1.000000
0.999234 -0.008652 0.038172 0.000000 0.010501 0.998767 -0.048527 10.430300 -0.037705 0.048890 0.998092 -0.000000 0.000000 0.000000 0.000000 1.000000
0.999193 0.002872 0.040056 0.000000 -0.000898 0.998788 -0.049212 10.430300 -0.040149 0.049137 0.997985 -0.000000 0.000000 0.000000 0.000000 1.000000
0.999279 0.013923 0.035332 0.000000 -0.012264 0.998832 -0.046742 10.430300 -0.035942 0.046275 0.998282 0.000000 0.000000 0.000000 0.000000 1.000000
0.999533 0.021463 0.021772 0.000000 -0.020471 0.998785 -0.044819 10.430300 -0.022708 0.044353 0.998758 -0.000000 0.000000 0.000000 0.000000 1.000000
0.999711 0.024047 -0.000793 -0.000000 -0.024059 0.998687 -0.045234 10.430300 -0.000296 0.045240 0.998976 0.000000 0.000000 0.000000 0.000000 1.000000
0.999344 0.022739 -0.028196 -0.000000 -0.024022 0.998651 -0.046034 10.430300 0.027112 0.046681 0.998542 0.000000 0.000000 0.000000 0.000000 1.000000
0.998617 0.021859 -0.047819 0.000000 -0.024241 0.998465 -0.049809 10.430300 0.046656 0.050900 0.997613 -0.000000 0.000000 0.000000 0.000000 1.000000
0.998532 0.024561 -0.048271 0.000000 -0.027514 0.997728 -0.061489 10.430300 0.046651 0.062727 0.996940 0.000000 0.000000 0.000000 0.000000 1.000000
0.998922 0.029003 -0.036256 0.000000 -0.031676 0.996645 -0.075466 10.430300 0.033946 0.076533 0.996489 0.000000 0.000000 0.000000 0.000000 1.000000
0.999171 0.030260 -0.027247 0.000000 -0.032400 0.996116 -0.081868 10.430300 0.024664 0.082682 0.996271 0.000000 0.000000 0.000000 0.000000 1.000000
0.999373 0.026212 -0.023809 0.000000 -0.028097 0.996184 -0.082633 10.430300 0.021552 0.083251 0.996296 -0.000000 0.000000 0.000000 0.000000 1.000000
0.999619 0.019078 -0.019954 0.000000 -0.020709 0.996165 -0.085012 10.430300 0.018256 0.085393 0.996180 0.000000 0.000000 0.000000 0.000000 1.000000
0.999801 0.011881 -0.016005 -0.000000 -0.013247 0.996016 -0.088189 10.430300 0.014893 0.088383 0.995975 -0.000000 0.000000 0.000000 0.000000 1.000000
0.999834 0.005957 -0.017220 0.000000 -0.007442 0.996133 -0.087542 10.430300 0.016632 0.087656 0.996012 0.000000 0.000000 0.000000 0.000000 1.000000
0.999709 0.001695 -0.024065 0.000000 -0.003644 0.996694 -0.081166 10.430300 0.023848 0.081230 0.996410 0.000000 0.000000 0.000000 0.000000 1.000000
0.999556 -0.000592 -0.029794 -0.000000 -0.001460 0.997628 -0.068816 10.430300 0.029764 0.068829 0.997184 -0.000000 0.000000 0.000000 0.000000 1.000000
0.999531 -0.001739 -0.030581 0.000000 0.000025 0.998433 -0.055953 10.430300 0.030630 0.055926 0.997965 0.000000 0.000000 0.000000 0.000000 1.000000
