<?xml version="1.0" encoding="utf-8"?>
<COLLADA xmlns="http://www.collada.org/2005/11/COLLADASchema" version="1.4.1">
  <asset><contributor><author>Mixamo</author><authoring_tool>COLLADA Mixamo exporter</authoring_tool><comments></comments></contributor><created>2021-01-27T12:45:01Z</created><modified>2021-01-27T12:45:01Z</modified><revision></revision><title></title><unit meter="0.010000"/><up_axis>Y_UP</up_axis></asset>
  <library_animations>
    <animation id="mixamorig5_Hips-anim" name="mixamorig5_Hips"><source id="mixamorig5_Hips-Matrix-animation-input"><float_array id="mixamorig5_Hips-Matrix-animation-input-array" count="66">

0.000000 0.033333 0.066667 0.100000 0.133333 0.166667 0.200000 0.233333 0.266667 0.300000 0.333333 0.366667 0.400000 0.433333 0.466667 0.500000
0.533333 0.566667 0.600000 0.633333 0.666667 0.700000 0.733333 0.766667 0.800000 0.833333 0.866667 0.900000 0.933333 0.966667 1.000000 1.033333
1.066667 1.100000 1.133333 1.166667 1.200000 1.233333 1.266667 1.300000 1.333333 1.366667 1.400000 1.433333 1.466667 1.500000 1.533333 1.566667
1.600000 1.633333 1.666667 1.700000 1.733333 1.766667 1.800000 1.833333 1.866667 1.900000 1.933333 1.966667 2.000000 2.033333 2.066667 2.100000
2.133333 2.166667</float_array><technique_common><accessor source="#mixamorig5_Hips-Matrix-animation-input-array" count="66"><param name="TIME" type="float"/></accessor></technique_common></source><source id="mixamorig5_Hips-Matrix-animation-output-transform"><float_array id="mixamorig5_Hips-Matrix-animation-output-transform-array" count="1056">

0.944433 0.023919 -0.327833 0.652286 -0.100057 0.970939 -0.217409 98.535988 0.313106 0.238130 0.919380 -0.405068 0.000000 0.000000 0.000000 1.000000
0.945517 0.025665 -0.324561 0.793771 -0.098162 0.972970 -0.209028 98.941078 0.310424 0.229499 0.922479 -0.375576 0.000000 0.000000 0.000000 1.000000
0.946334 0.026889 -0.322069 0.928773 -0.096519 0.974569 -0.202236 99.274536 0.308440 0.222469 0.924863 -0.333944 0.000000 0.000000 0.000000 1.000000
0.946807 0.027483 -0.320626 1.065106 -0.095166 0.975694 -0.197393 99.500893 0.307408 0.217406 0.926410 -0.310459 0.000000 0.000000 0.000000 1.000000
0.946751 0.026922 -0.320840 1.201642 -0.094609 0.975767 -0.197301 99.529144 0.307754 0.217150 0.926355 -0.318072 0.000000 0.000000 0.000000 1.000000
0.946966 0.026777 -0.320216 1.334870 -0.094667 0.975543 -0.198378 99.536591 0.307072 0.218171 0.926341 -0.370687 0.000000 0.000000 0.000000 1.000000
0.947017 0.027248 -0.320026 1.458413 -0.095357 0.975321 -0.199139 99.553192 0.306702 0.219105 0.926244 -0.453592 0.000000 0.000000 0.000000 1.000000
0.946785 0.028729 -0.320583 1.588115 -0.097101 0.975098 -0.199387 99.581871 0.306872 0.219906 0.925997 -0.559497 0.000000 0.000000 0.000000 1.000000
0.946682 0.031594 -0.320617 1.765652 -0.100400 0.974553 -0.200415 99.624771 0.306127 0.221919 0.925764 -0.718228 0.000000 0.000000 0.000000 1.000000
0.946784 0.035454 -0.319910 2.041499 -0.104876 0.973655 -0.202478 99.653572 0.304303 0.225253 0.925560 -1.026855 0.000000 0.000000 0.000000 1.000000
0.946161 0.039139 -0.321322 2.376495 -0.108708 0.973431 -0.201530 99.649399 0.304897 0.225611 0.925277 -1.627911 0.000000 0.000000 0.000000 1.000000
0.943695 0.043332 -0.327967 2.618606 -0.111592 0.974974 -0.192281 99.539139 0.311428 0.218053 0.924914 -2.567678 0.000000 0.000000 0.000000 1.000000
0.939782 0.051800 -0.337827 2.617698 -0.116675 0.977692 -0.174659 99.323792 0.321244 0.203557 0.924860 -3.738617 0.000000 0.000000 0.000000 1.000000
0.936450 0.068612 -0.344025 2.386374 -0.127884 0.979969 -0.152662 99.036095 0.326660 0.186956 0.926467 -4.967352 0.000000 0.000000 0.000000 1.000000
0.934072 0.093441 -0.344642 2.125319 -0.145579 0.980953 -0.128598 98.778992 0.326061 0.170292 0.929884 -6.141367 0.000000 0.000000 0.000000 1.000000
0.929080 0.119573 -0.350019 2.081193 -0.165086 0.980874 -0.103114 98.744240 0.330995 0.153585 0.931050 -7.272214 0.000000 0.000000 0.000000 1.000000
0.917965 0.138026 -0.371873 2.368988 -0.179302 0.980647 -0.078624 99.033127 0.353824 0.138852 0.924948 -8.473026 0.000000 0.000000 0.000000 1.000000
0.902318 0.145049 -0.405935 2.886893 -0.183877 0.981230 -0.058111 99.454033 0.389887 0.127077 0.912052 -9.812382 0.000000 0.000000 0.000000 1.000000
0.889018 0.142179 -0.435237 3.429822 -0.178792 0.982897 -0.044118 99.725510 0.421520 0.117039 0.899234 -11.265010 0.000000 0.000000 0.000000 1.000000
0.882861 0.134913 -0.449839 3.944560 -0.171103 0.984418 -0.040569 99.863297 0.437356 0.112785 0.892188 -12.756506 0.000000 0.000000 0.000000 1.000000
0.885327 0.121690 -0.448762 4.340688 -0.160688 0.985753 -0.049705 99.866470 0.436320 0.116116 0.892268 -14.237920 0.000000 0.000000 0.000000 1.000000
0.894862 0.102836 -0.434336 4.451958 -0.145671 0.987102 -0.066413 99.680664 0.421904 0.122700 0.898299 -15.746297 0.000000 0.000000 0.000000 1.000000
0.908025 0.086127 -0.409968 4.217143 -0.130113 0.988220 -0.080577 99.330681 0.398198 0.126508 0.908534 -17.380713 0.000000 0.000000 0.000000 1.000000
0.921487 0.074320 -0.381233 3.719078 -0.115000 0.989720 -0.085026 98.753716 0.370995 0.122192 0.920561 -19.223661 0.000000 0.000000 0.000000 1.000000
0.932171 0.061697 -0.356722 3.147076 -0.095294 0.992438 -0.077371 97.867294 0.349251 0.106116 0.931001 -21.285969 0.000000 0.000000 0.000000 1.000000
0.937304 0.042516 -0.345911 2.678520 -0.067277 0.995935 -0.059888 96.860069 0.341958 0.079405 0.936354 -23.620855 0.000000 0.000000 0.000000 1.000000
0.935409 0.018051 -0.353105 2.352511 -0.034355 0.998611 -0.039959 95.978348 0.351893 0.049509 0.934730 -26.263916 0.000000 0.000000 0.000000 1.000000
0.926728 -0.009731 -0.375606 1.996067 -0.000510 0.999631 -0.027158 95.185089 0.375732 0.025360 0.926381 -29.360397 0.000000 0.000000 0.000000 1.000000
0.912609 -0.042561 -0.406612 1.462400 0.034526 0.999037 -0.027079 94.297401 0.407373 0.010673 0.913200 -33.142006 0.000000 0.000000 0.000000 1.000000
0.894223 -0.074947 -0.441302 0.895824 0.062508 0.997131 -0.042684 92.938774 0.443235 0.010584 0.896343 -37.599228 0.000000 0.000000 0.000000 1.000000
0.874726 -0.108083 -0.472411 0.586257 0.081743 0.993751 -0.076004 91.557434 0.477674 0.027867 0.878095 -42.630810 0.000000 0.000000 0.000000 1.000000
0.856204 -0.144430 -0.496040 0.707996 0.095578 0.987837 -0.122648 91.096588 0.507720 0.057601 0.859594 -47.911972 0.000000 0.000000 0.000000 1.000000
0.838147 -0.185482 -0.512939 1.271138 0.112118 0.978910 -0.170778 91.701149 0.533797 0.085627 0.841266 -52.956673 0.000000 0.000000 0.000000 1.000000
0.816387 -0.222882 -0.532763 2.286833 0.126892 0.969209 -0.211026 92.939194 0.563393 0.104676 0.819531 -56.983112 0.000000 0.000000 0.000000 1.000000
0.793908 -0.260383 -0.549464 3.469795 0.144852 0.958643 -0.244994 94.641495 0.590532 0.114911 0.798791 -59.959805 0.000000 0.000000 0.000000 1.000000
0.778431 -0.293203 -0.555048 4.573051 0.160257 0.947737 -0.275885 96.408600 0.606930 0.125807 0.784735 -62.024673 0.000000 0.000000 0.000000 1.000000
0.774172 -0.314114 -0.549536 5.468207 0.161528 0.937475 -0.308302 97.855171 0.612018 0.149913 0.776505 -63.573753 0.000000 0.000000 0.000000 1.000000
0.776263 -0.322870 -0.541453 6.141607 0.147338 0.928023 -0.342148 98.856644 0.612949 0.185820 0.767961 -64.938148 0.000000 0.000000 0.000000 1.000000
0.778760 -0.323218 -0.537646 6.628047 0.126981 0.920527 -0.369468 99.423355 0.614336 0.219456 0.757912 -66.291809 0.000000 0.000000 0.000000 1.000000
0.781822 -0.318268 -0.536153 6.997411 0.109404 0.916591 -0.384567 99.672310 0.613828 0.242005 0.751431 -67.667328 0.000000 0.000000 0.000000 1.000000
0.789760 -0.306885 -0.531131 7.354641 0.094294 0.916303 -0.389226 99.688019 0.606125 0.257313 0.752597 -68.932961 0.000000 0.000000 0.000000 1.000000
0.804148 -0.288418 -0.519770 7.808975 0.077934 0.918009 -0.388826 99.586891 0.589298 0.272166 0.760693 -70.056236 0.000000 0.000000 0.000000 1.000000
0.821181 -0.265193 -0.505306 8.428319 0.058035 0.919683 -0.388350 99.399948 0.567709 0.289580 0.770616 -70.975075 0.000000 0.000000 0.000000 1.000000
0.836614 -0.242153 -0.491363 9.196480 0.036797 0.919805 -0.390646 99.151321 0.546555 0.308740 0.778433 -71.686996 0.000000 0.000000 0.000000 1.000000
0.849697 -0.222245 -0.478145 10.048775 0.018091 0.918583 -0.394815 98.859886 0.526961 0.326822 0.784537 -72.263336 0.000000 0.000000 0.000000 1.000000
0.861230 -0.204869 -0.465094 10.893633 0.003670 0.917633 -0.397412 98.551865 0.508202 0.340556 0.791045 -72.720993 0.000000 0.000000 0.000000 1.000000
0.871175 -0.188027 -0.453541 11.654996 -0.008209 0.918053 -0.396372 98.256615 0.490903 0.349033 0.798242 -73.041039 0.000000 0.000000 0.000000 1.000000
0.879788 -0.169312 -0.444191 12.295442 -0.021501 0.919291 -0.392991 97.987526 0.474879 0.355300 0.805141 -73.238197 0.000000 0.000000 0.000000 1.000000
0.888151 -0.148247 -0.434984 12.834587 -0.037705 0.919840 -0.390478 97.774452 0.458003 0.363204 0.811367 -73.328140 0.000000 0.000000 0.000000 1.000000
0.896186 -0.127530 -0.424955 13.294560 -0.054711 0.918724 -0.391091 97.671417 0.440292 0.373740 0.816371 -73.329926 0.000000 0.000000 0.000000 1.000000
0.902326 -0.110381 -0.416683 13.684139 -0.069750 0.916531 -0.393835 97.681129 0.425374 0.384431 0.819310 -73.281166 0.000000 0.000000 0.000000 1.000000
0.905988 -0.096976 -0.412045 14.012981 -0.082223 0.914549 -0.396031 97.737190 0.415241 0.392679 0.820597 -73.249893 0.000000 0.000000 0.000000 1.000000
0.908525 -0.084853 -0.409125 14.277165 -0.093104 0.913432 -0.396199 97.765511 0.407326 0.398047 0.821975 -73.278465 0.000000 0.000000 0.000000 1.000000
0.911637 -0.071855 -0.404666 14.444412 -0.102734 0.913503 -0.393647 97.753937 0.397949 0.400436 0.825401 -73.349953 0.000000 0.000000 0.000000 1.000000
0.916107 -0.058137 -0.396696 14.482620 -0.109662 0.915367 -0.387399 97.758919 0.385644 0.398401 0.832199 -73.427216 0.000000 0.000000 0.000000 1.000000
0.921407 -0.044934 -0.385992 14.394459 -0.113148 0.919233 -0.377106 97.784538 0.371762 0.391142 0.841903 -73.495461 0.000000 0.000000 0.000000 1.000000
0.926217 -0.033338 -0.375513 14.201720 -0.114253 0.924413 -0.363877 97.775253 0.359260 0.379933 0.852399 -73.585068 0.000000 0.000000 0.000000 1.000000
0.929524 -0.023175 -0.368032 13.923179 -0.115090 0.929940 -0.349237 97.665649 0.350341 0.366981 0.861735 -73.741119 0.000000 0.000000 0.000000 1.000000
0.932147 -0.012384 -0.361868 13.288587 -0.115559 0.936973 -0.329739 97.517792 0.343144 0.349183 0.871965 -73.992195 0.000000 0.000000 0.000000 1.000000
0.934754 -0.002034 -0.355290 12.345103 -0.114430 0.944978 -0.306469 97.421562 0.336365 0.327129 0.883089 -74.317421 0.000000 0.000000 0.000000 1.000000
0.937172 0.005628 -0.348823 11.361009 -0.111606 0.952162 -0.284484 97.352554 0.330535 0.305541 0.892968 -74.678215 0.000000 0.000000 0.000000 1.000000
0.939106 0.011359 -0.343440 10.383401 -0.108600 0.958038 -0.265273 97.332993 0.326016 0.286417 0.900932 -75.031464 0.000000 0.000000 0.000000 1.000000
0.940642 0.015732 -0.339037 9.455807 -0.106111 0.962482 -0.249739 97.450302 0.322388 0.270891 0.907020 -75.347473 0.000000 0.000000 0.000000 1.000000
0.941945 0.019171 -0.335218 8.624112 -0.104125 0.965828 -0.237350 97.717514 0.319213 0.258475 0.911753 -75.609985 0.000000 0.000000 0.000000 1.000000
0.943178 0.021978 -0.331560 7.930334 -0.102319 0.968537 -0.226862 98.097221 0.316142 0.247896 0.915752 -75.810257 0.000000 0.000000 0.000000 1.000000
0.944366 0.024375 -0.327992 7.555352 -0.100563 0.970890 -0.217392 98.517937 0.313145 0.238282 0.919327 -75.942444 0.000000 0.000000 0.000000 1.000000</float_array><technique_common><accessor source="#mixamorig5_Hips-Matrix-animation-output-transform-array" count="66" stride="16"><param type="float4x4"/></accessor></technique_common></source><source id="mixamorig5_Hips-Interpolations"><Name_array id="mixamorig5_Hips-Interpolations-array" count="66">
 LINEAR LINEAR LINEAR LINEAR LINEAR LINEAR LINEAR LINEAR LINEAR LINEAR LINEAR
LINEAR LINEAR LINEAR LINEAR LINEAR LINEAR LINEAR LINEAR LINEAR LINEAR LINEAR LINEAR
LINEAR LINEAR LINEAR LINEAR LINEAR LINEAR LINEAR LINEAR LINEAR LINEAR LINEAR LINEAR
LINEAR LINEAR LINEAR LINEAR LINEAR LINEAR LINEAR LINEAR LINEAR LINEAR LINEAR LINEAR
LINEAR LINEAR LINEAR LINEAR LINEAR LINEAR LINEAR LINEAR LINEAR LINEAR LINEAR LINEAR
LINEAR LINEAR LINEAR LINEAR LINEAR LINEAR LINEAR</Name_array><technique_common><accessor source="#mixamorig5_Hips-Interpolations-array" count="66"><param type="name"/></accessor></technique_common></source><sampler id="mixamorig5_Hips-Matrix-animation-transform"><input semantic="INPUT" source="#mixamorig5_Hips-Matrix-animation-input"/><input semantic="OUTPUT" source="#mixamorig5_Hips-Matrix-animation-output-transform"/><input semantic="INTERPOLATION" source="#mixamorig5_Hips-Interpolations"/></sampler><channel source="#mixamorig5_Hips-Matrix-animation-transform" target="mixamorig5_Hips/matrix"/></animation>
    <animation id="mixamorig5_Spine-anim" name="mixamorig5_Spine"><source id="mixamorig5_Spine-Matrix-animation-input"><float_array id="mixamorig5_Spine-Matrix-animation-input-array" count="66">

0.000000 0.033333 0.066667 0.100000 0.133333 0.166667 0.200000 0.233333 0.266667 0.300000 0.333333 0.366667 0.400000 0.433333 0.466667 0.500000
0.533333 0.566667 0.600000 0.633333 0.666667 0.700000 0.733333 0.766667 0.800000 0.833333 0.866667 0.900000 0.933333 0.966667 1.000000 1.033333
1.066667 1.100000 1.133333 1.166667 1.200000 1.233333 1.266667 1.300000 1.333333 1.366667 1.400000 1.433333 1.466667 1.500000 1.533333 1.566667
1.600000 1.633333 1.666667 1.700000 1.733333 1.766667 1.800000 1.833333 1.866667 1.900000 1.933333 1.966667 2.000000 2.033333 2.066667 2.100000
2.133333 2.166667</float_array><technique_common><accessor source="#mixamorig5_Spine-Matrix-animation-input-array" count="66"><param name="TIME" type="float"/></accessor></technique_common></source><source id="mixamorig5_Spine-Matrix-animation-output-transform"><float_array id="mixamorig5_Spine-Matrix-animation-output-transform-array" count="1056">

0.999717 0.009240 0.021904 0.000000 -0.007604 0.997257 -0.073624 8.836100 -0.022524 0.073437 0.997045 -1.360800 0.000000 0.000000 0.000000 1.000000
0.999751 0.004915 0.021786 -0.000000 -0.003231 0.997052 -0.076658 8.836100 -0.022098 0.076568 0.996819 -1.360800 0.000000 0.000000 0.000000 1.000000
0.999764 0.001005 0.021722 0.000000 0.000722 0.996845 -0.079367 8.836100 -0.021733 0.079364 0.996609 -1.360800 0.000000 0.000000 0.000000 1.000000
0.999759 -0.002513 0.021825 -0.000000 0.004286 0.996659 -0.081563 8.836100 -0.021548 0.081637 0.996429 -1.360800 0.000000 0.000000 0.000000 1.000000
0.999737 -0.005737 0.022193 0.000000 0.007564 0.996510 -0.083136 8.836100 -0.021639 0.083282 0.996291 -1.360800 0.000000 0.000000 0.000000 1.000000
0.999704 -0.008514 0.022806 0.000000 0.010403 0.996407 -0.084053 8.836100 -0.022009 0.084266 0.996200 -1.360800 0.000000 0.000000 0.000000 1.000000
0.999671 -0.009317 0.023884 0.000000 0.011256 0.996535 -0.082404 8.836100 -0.023033 0.082646 0.996313 -1.360800 0.000000 0.000000 0.000000 1.000000
0.999667 -0.011336 0.023186 -0.000000 0.013206 0.996532 -0.082155 8.836100 -0.022174 0.082433 0.996350 -1.360800 0.000000 0.000000 0.000000 1.000000
0.999712 -0.013948 0.019531 0.000000 0.015557 0.996274 -0.084832 8.836100 -0.018275 0.085112 0.996204 -1.360800 0.000000 0.000000 0.000000 1.000000
0.999797 -0.015986 0.012246 0.000000 0.017039 0.995668 -0.091404 8.836100 -0.010732 0.091594 0.995739 -1.360800 0.000000 0.000000 0.000000 1.000000
0.999884 -0.015193 0.001193 0.000000 0.015235 0.994711 -0.101582 8.836100 0.000357 0.101588 0.994826 -1.360800 0.000000 0.000000 0.000000 1.000000
0.999872 -0.009852 -0.012636 0.000000 0.008355 0.993504 -0.113487 8.836100 0.013672 0.113366 0.993459 -1.360800 0.000000 0.000000 0.000000 1.000000
0.999629 0.000543 -0.027219 0.000000 -0.003915 0.992272 -0.124019 8.836100 0.026941 0.124080 0.991906 -1.360800 0.000000 0.000000 0.000000 1.000000
0.999061 0.015625 -0.040417 0.000000 -0.020755 0.991323 -0.129802 8.836100 0.038039 0.130519 0.990716 -1.360800 0.000000 0.000000 0.000000 1.000000
0.998144 0.033911 -0.050591 -0.000000 -0.040170 0.990917 -0.128333 8.836100 0.045780 0.130127 0.990440 -1.360800 0.000000 0.000000 0.000000 1.000000
0.996965 0.053039 -0.056983 -0.000000 -0.059520 0.991128 -0.118840 8.836100 0.050174 0.121871 0.991277 -1.360800 0.000000 0.000000 0.000000 1.000000
0.995769 0.069924 -0.059617 0.000000 -0.075788 0.991834 -0.102572 8.836100 0.051958 0.106657 0.992937 -1.360800 0.000000 0.000000 0.000000 1.000000
0.994952 0.081173 -0.058997 0.000000 -0.085890 0.992892 -0.082392 8.836100 0.051890 0.087043 0.994852 -1.360800 0.000000 0.000000 0.000000 1.000000
0.994831 0.084687 -0.056037 0.000000 -0.088111 0.994195 -0.061753 8.836100 0.050482 0.066371 0.996517 -1.360800 0.000000 0.000000 0.000000 1.000000
0.995481 0.079882 -0.051352 0.000000 -0.082142 0.995670 -0.043521 8.836100 0.047653 0.047543 0.997732 -1.360800 0.000000 0.000000 0.000000 1.000000
0.996694 0.067714 -0.044898 0.000000 -0.069058 0.997189 -0.029080 8.836100 0.042802 0.032084 0.998568 -1.360800 0.000000 0.000000 0.000000 1.000000
0.998094 0.050157 -0.035955 0.000000 -0.050833 0.998543 -0.018128 8.836100 0.034993 0.019921 0.999189 -1.360800 0.000000 0.000000 0.000000 1.000000
0.999286 0.029560 -0.023541 -0.000000 -0.029785 0.999514 -0.009244 8.836100 0.023256 0.009939 0.999680 -1.360800 0.000000 0.000000 0.000000 1.000000
0.999945 0.007775 -0.006990 0.000000 -0.007781 0.999969 -0.000815 8.836100 0.006983 0.000869 0.999975 -1.360800 0.000000 0.000000 0.000000 1.000000
0.999814 -0.013843 0.013414 0.000000 0.013734 0.999872 0.008195 8.836100 -0.013525 -0.008009 0.999876 -1.360800 0.000000 0.000000 0.000000 1.000000
0.998762 -0.034047 0.036278 0.000000 0.033422 0.999284 0.017715 8.836100 -0.036855 -0.016480 0.999185 -1.360800 0.000000 0.000000 0.000000 1.000000
0.996875 -0.052099 0.059381 0.000000 0.050605 0.998370 0.026396 8.836100 -0.060660 -0.023308 0.997886 -1.360800 0.000000 0.000000 0.000000 1.000000
0.994493 -0.067831 0.079893 0.000000 0.065454 0.997342 0.032011 8.836100 -0.081852 -0.026606 0.996289 -1.360800 0.000000 0.000000 0.000000 1.000000
0.992515 -0.078463 0.093576 -0.000000 0.075780 0.996614 0.031901 8.836100 -0.095763 -0.024571 0.995101 -1.360800 0.000000 0.000000 0.000000 1.000000
0.991402 -0.085161 0.099350 -0.000000 0.083159 0.996244 0.024132 8.836100 -0.101032 -0.015663 0.994760 -1.360800 0.000000 0.000000 0.000000 1.000000
0.991307 -0.089011 0.096890 -0.000000 0.088643 0.996030 0.008110 8.836100 -0.097227 0.000549 0.995262 -1.360800 0.000000 0.000000 0.000000 1.000000
0.992286 -0.088894 0.086413 0.000000 0.090587 0.995762 -0.015865 8.836100 -0.084636 0.023571 0.996133 -1.360800 0.000000 0.000000 0.000000 1.000000
0.993795 -0.086726 0.069648 0.000000 0.089939 0.994957 -0.044392 8.836100 -0.065447 0.050380 0.996583 -1.360800 0.000000 0.000000 0.000000 1.000000
0.995238 -0.084348 0.048860 0.000000 0.087754 0.993510 -0.072366 8.836100 -0.042439 0.076309 0.996181 -1.360800 0.000000 0.000000 0.000000 1.000000
0.996253 -0.082554 0.025795 0.000000 0.084660 0.991821 -0.095523 8.836100 -0.017698 0.097348 0.995093 -1.360800 0.000000 0.000000 0.000000 1.000000
0.996698 -0.081180 0.001682 0.000000 0.080862 0.990498 -0.111240 8.836100 0.007365 0.111009 0.993792 -1.360800 0.000000 0.000000 0.000000 1.000000
0.996535 -0.080250 -0.021843 0.000000 0.077110 0.989907 -0.118903 8.836100 0.031164 0.116807 0.992666 -1.360800 0.000000 0.000000 0.000000 1.000000
0.995903 -0.079384 -0.043295 0.000000 0.073706 0.990047 -0.119891 8.836100 0.052381 0.116209 0.991843 -1.360800 0.000000 0.000000 0.000000 1.000000
0.995052 -0.077794 -0.061803 -0.000000 0.070210 0.990691 -0.116623 8.836100 0.070300 0.111707 0.991251 -1.360800 0.000000 0.000000 0.000000 1.000000
0.994198 -0.075839 -0.076279 0.000000 0.067061 0.991476 -0.111709 8.836100 0.084100 0.105945 0.990809 -1.360800 0.000000 0.000000 0.000000 1.000000
0.993588 -0.072829 -0.086476 -0.000000 0.063423 0.992242 -0.106930 8.836100 0.093593 0.100760 0.990499 -1.360800 0.000000 0.000000 0.000000 1.000000
0.993367 -0.068736 -0.092186 -0.000000 0.059135 0.992910 -0.103117 8.836100 0.098620 0.096982 0.990388 -1.360800 0.000000 0.000000 0.000000 1.000000
0.993603 -0.063560 -0.093341 0.000000 0.054132 0.993485 -0.100285 8.836100 0.099107 0.094591 0.990571 -1.360800 0.000000 0.000000 0.000000 1.000000
0.994290 -0.056660 -0.090425 0.000000 0.047732 0.994040 -0.098015 8.836100 0.095440 0.093139 0.991068 -1.360800 0.000000 0.000000 0.000000 1.000000
0.995317 -0.047571 -0.084149 0.000000 0.039432 0.994613 -0.095866 8.836100 0.088256 0.092099 0.991831 -1.360800 0.000000 0.000000 0.000000 1.000000
0.996502 -0.036023 -0.075413 -0.000000 0.028900 0.995200 -0.093497 8.836100 0.078419 0.090990 0.992759 -1.360800 0.000000 0.000000 0.000000 1.000000
0.997625 -0.022227 -0.065198 0.000000 0.016257 0.995745 -0.090710 8.836100 0.066937 0.089434 0.993741 -1.360800 0.000000 0.000000 0.000000 1.000000
0.998491 -0.006905 -0.054471 0.000000 0.002120 0.996170 -0.087416 8.836100 0.054866 0.087168 0.994682 -1.360800 0.000000 0.000000 0.000000 1.000000
0.998983 0.009063 -0.044163 -0.000000 -0.012732 0.996423 -0.083538 8.836100 0.043248 0.084015 0.995526 -1.360800 0.000000 0.000000 0.000000 1.000000
0.999091 0.024517 -0.034872 0.000000 -0.027213 0.996497 -0.079083 8.836100 0.032811 0.079960 0.996258 -1.360800 0.000000 0.000000 0.000000 1.000000
0.998895 0.038518 -0.026938 0.000000 -0.040423 0.996427 -0.074161 8.836100 0.023985 0.075168 0.996882 -1.360800 0.000000 0.000000 0.000000 1.000000
0.998524 0.050342 -0.020362 0.000000 -0.051637 0.996276 -0.069052 8.836100 0.016809 0.070001 0.997405 -1.360800 0.000000 0.000000 0.000000 1.000000
0.998117 0.059501 -0.014875 0.000000 -0.060338 0.996113 -0.064179 8.836100 0.010999 0.064955 0.997828 -1.360800 0.000000 0.000000 0.000000 1.000000
0.997785 0.065753 -0.010060 0.000000 -0.066241 0.995999 -0.059988 8.836100 0.006075 0.060522 0.998148 -1.360800 0.000000 0.000000 0.000000 1.000000
0.997594 0.069109 -0.005493 0.000000 -0.069310 0.995976 -0.056808 8.836100 0.001545 0.057052 0.998370 -1.360800 0.000000 0.000000 0.000000 1.000000
0.997560 0.069813 -0.000867 0.000000 -0.069755 0.996060 -0.054763 8.836100 -0.002960 0.054690 0.998499 -1.360800 0.000000 0.000000 0.000000 1.000000
0.997650 0.068413 0.003843 0.000000 -0.068108 0.996229 -0.053752 8.836100 -0.007506 0.053364 0.998547 -1.360800 0.000000 0.000000 0.000000 1.000000
0.997832 0.065242 0.008618 -0.000000 -0.064691 0.996471 -0.053483 8.836100 -0.012077 0.052810 0.998532 -1.360800 0.000000 0.000000 0.000000 1.000000
0.998205 0.058385 0.013317 0.000000 -0.057577 0.996847 -0.054603 8.836100 -0.016463 0.053739 0.998419 -1.360800 0.000000 0.000000 0.000000 1.000000
0.998669 0.048615 0.017218 0.000000 -0.047568 0.997254 -0.056755 8.836100 -0.019930 0.055860 0.998240 -1.360800 0.000000 0.000000 0.000000 1.000000
0.999036 0.039238 0.019683 -0.000000 -0.038021 0.997547 -0.058772 8.836100 -0.021940 0.057967 0.998077 -1.360800 0.000000 0.000000 0.000000 1.000000
0.999270 0.032053 0.020773 -0.000000 -0.030729 0.997650 -0.061232 8.836100 -0.022687 0.060549 0.997907 -1.360800 0.000000 0.000000 0.000000 1.000000
0.999443 0.025553 0.021453 0.000000 -0.024132 0.997653 -0.064075 8.836100 -0.023040 0.063522 0.997714 -1.360800 0.000000 0.000000 0.000000 1.000000
0.999571 0.019470 0.021865 0.000000 -0.017961 0.997578 -0.067203 8.836100 -0.023120 0.066782 0.997500 -1.360800 0.000000 0.000000 0.000000 1.000000
0.999660 0.013860 0.022065 0.000000 -0.012275 0.997441 -0.070432 8.836100 -0.022985 0.070137 0.997273 -1.360800 0.000000 0.000000 0.000000 1.000000
0.999717 0.008770 0.022108 0.000000 -0.007121 0.997261 -0.073613 8.836100 -0.022693 0.073435 0.997042 -1.360800 0.000000 0.000000 0.000000 1.000000</float_array><technique_common><accessor source="#mixamorig5_Spine-Matrix-animation-output-transform-array" count="66" stride="16"><param type="float4x4"/></accessor></technique_common></source><source id="mixamorig5_Spine-Interpolations"><Name_array id="mixamorig5_Spine-Interpolations-array" count="66">
 LINEAR LINEAR LINEAR LINEAR LINEAR LINEAR LINEAR LINEAR LINEAR LINEAR LINEAR
LINEAR LINEAR LINEAR LINEAR LINEAR LINEAR LINEAR LINEAR LINEAR LINEAR LINEAR LINEAR
LINEAR LINEAR LINEAR LINEAR LINEAR LINEAR LINEAR LINEAR LINEAR LINEAR LINEAR LINEAR
LINEAR LINEAR LINEAR LINEAR LINEAR LINEAR LINEAR LINEAR LINEAR LINEAR LINEAR LINEAR
LINEAR LINEAR LINEAR LINEAR LINEAR LINEAR LINEAR LINEAR LINEAR LINEAR LINEAR LINEAR
LINEAR LINEAR LINEAR LINEAR LINEAR LINEAR LINEAR</Name_array><technique_common><accessor source="#mixamorig5_Spine-Interpolations-array" count="66"><param type="name"/></accessor></technique_common></source><sampler id="mixamorig5_Spine-Matrix-animation-transform"><input semantic="INPUT" source="#mixamorig5_Spine-Matrix-animation-input"/><input semantic="OUTPUT" source="#mixamorig5_Spine-Matrix-animation-output-transform"/><input semantic="INTERPOLATION" source="#mixamorig5_Spine-Interpolations"/></sampler><channel source="#mixamorig5_Spine-Matrix-animation-transform" target="mixamorig5_Spine/matrix"/></animation>
    <animation id="mixamorig5_Spine1-anim" name="mixamorig5_Spine1"><source id="mixamorig5_Spine1-Matrix-animation-input"><float_array id="mixamorig5_Spine1-Matrix-animation-input-array" count="66">

0.000000 0.033333 0.066667 0.100000 0.133333 0.166667 0.200000 0.233333 0.266667 0.300000 0.333333 0.366667 0.400000 0.433333 0.466667 0.500000
0.533333 0.566667 0.600000 0.633333 0.666667 0.700000 0.733333 0.766667 0.800000 0.833333 0.866667 0.900000 0.933333 0.966667 1.000000 1.033333
1.066667 1.100000 1.133333 1.166667 1.200000 1.233333 1.266667 1.300000 1.333333 1.366667 1.400000 1.433333 1.466667 1.500000 1.533333 1.566667
1.600000 1.633333 1.666667 1.700000 1.733333 1.766667 1.800000 1.833333 1.866667 1.900000 1.933333 1.966667 2.000000 2.033333 2.066667 2.100000
2.133333 2.166667</float_array><technique_common><accessor source="#mixamorig5_Spine1-Matrix-animation-input-array" count="66"><param name="TIME" type="float"/></accessor></technique_common></source><source id="mixamorig5_Spine1-Matrix-animation-output-transform"><float_array id="mixamorig5_Spine1-Matrix-animation-output-transform-array" count="1056">

0.999769 0.015881 0.014464 0.000000 -0.013354 0.986937 -0.160554 10.430300 -0.016824 0.160324 0.986921 0.000000 0.000000 0.000000 0.000000 1.000000
0.999809 0.013406 0.014249 0.000000 -0.010928 0.986791 -0.161628 10.430300 -0.016228 0.161442 0.986749 0.000000 0.000000 0.000000 0.000000 1.000000
0.999839 0.011090 0.014115 -0.000000 -0.008649 0.986661 -0.162559 10.430300 -0.015730 0.162411 0.986598 -0.000000 0.000000 0.000000 0.000000 1.000000
0.999860 0.008934 0.014124 -0.000000 -0.006509 0.986563 -0.163253 10.430300 -0.015393 0.163138 0.986483 0.000000 0.000000 0.000000 0.000000 1.000000
0.999874 0.006920 0.014317 0.000000 -0.004484 0.986507 -0.163659 10.430300 -0.015256 0.163574 0.986413 0.000000 0.000000 0.000000 0.000000 1.000000
0.999879 0.005077 0.014712 0.000000 -0.002600 0.986498 -0.163755 10.430300 -0.015345 0.163697 0.986391 0.000000 0.000000 0.000000 0.000000 1.000000
0.999871 0.003855 0.015606 -0.000000 -0.001264 0.986667 -0.162749 10.430300 -0.016026 0.162709 0.986544 0.000000 0.000000 0.000000 0.000000 1.000000
0.999885 0.001667 0.015106 -0.000000 0.000820 0.986593 -0.163195 10.430300 -0.015176 0.163189 0.986478 -0.000000 0.000000 0.000000 0.000000 1.000000
0.999924 -0.000964 0.012331 0.000000 0.003001 0.986070 -0.166303 10.430300 -0.011999 0.166328 0.985998 0.000000 0.000000 0.000000 0.000000 1.000000
0.999972 -0.003060 0.006767 -0.000000 0.004183 0.984960 -0.172733 10.430300 -0.006137 0.172756 0.984945 -0.000000 0.000000 0.000000 0.000000 1.000000
0.999993 -0.003394 -0.001451 0.000000 0.003073 0.983282 -0.182062 10.430300 0.002045 0.182056 0.983286 0.000000 0.000000 0.000000 0.000000 1.000000
0.999934 -0.000828 -0.011455 0.000000 -0.001394 0.981272 -0.192623 10.430300 0.011400 0.192627 0.981206 -0.000000 0.000000 0.000000 0.000000 1.000000
0.999748 0.005274 -0.021837 0.000000 -0.009576 0.979369 -0.201855 10.430300 0.020322 0.202014 0.979172 -0.000000 0.000000 0.000000 0.000000 1.000000
0.999409 0.014710 -0.031071 -0.000000 -0.020835 0.978098 -0.207098 10.430300 0.027344 0.207623 0.977827 -0.000000 0.000000 0.000000 0.000000 1.000000
0.998931 0.026356 -0.037983 -0.000000 -0.033652 0.977867 -0.206501 10.430300 0.031699 0.207559 0.977709 0.000000 0.000000 0.000000 0.000000 1.000000
0.998376 0.038405 -0.042066 0.000000 -0.046064 0.978782 -0.199661 10.430300 0.033505 0.201275 0.978962 0.000000 0.000000 0.000000 0.000000 1.000000
0.997859 0.048834 -0.043507 0.000000 -0.056175 0.980612 -0.187734 10.430300 0.033495 0.189776 0.981256 0.000000 0.000000 0.000000 0.000000 1.000000
0.997513 0.055917 -0.042915 0.000000 -0.062544 0.982927 -0.173040 10.430300 0.032507 0.175294 0.983979 -0.000000 0.000000 0.000000 0.000000 1.000000
0.997447 0.058529 -0.040903 0.000000 -0.064307 0.985296 -0.158292 10.430300 0.031037 0.160518 0.986545 0.000000 0.000000 0.000000 0.000000 1.000000
0.997702 0.056299 -0.037685 0.000000 -0.061222 0.987437 -0.145671 10.430300 0.029010 0.147643 0.988615 0.000000 0.000000 0.000000 0.000000 1.000000
0.998229 0.049564 -0.032905 0.000000 -0.053606 0.989237 -0.136150 10.430300 0.025802 0.137673 0.990142 0.000000 0.000000 0.000000 0.000000 1.000000
0.998900 0.039182 -0.025764 0.000000 -0.042196 0.990701 -0.129346 10.430300 0.020457 0.130291 0.991265 0.000000 0.000000 0.000000 0.000000 1.000000
0.999536 0.026248 -0.015437 0.000000 -0.027962 0.991890 -0.123987 10.430300 0.012057 0.124361 0.992164 0.000000 0.000000 0.000000 0.000000 1.000000
0.999929 0.011789 -0.001580 0.000000 -0.011894 0.992865 -0.118650 10.430300 0.000170 0.118660 0.992935 0.000000 0.000000 0.000000 0.000000 1.000000
0.999878 -0.003284 0.015278 0.000000 0.004981 0.993652 -0.112388 10.430300 -0.014812 0.112450 0.993547 0.000000 0.000000 0.000000 0.000000 1.000000
0.999270 -0.018158 0.033625 0.000000 0.021605 0.994220 -0.105164 10.430300 -0.031521 0.105814 0.993886 0.000000 0.000000 0.000000 0.000000 1.000000
0.998175 -0.032020 0.051202 -0.000000 0.036932 0.994496 -0.098050 10.430300 -0.047781 0.099762 0.993863 0.000000 0.000000 0.000000 0.000000 1.000000
0.996876 -0.044082 0.065540 0.000000 0.050085 0.994409 -0.092968 10.430300 -0.061076 0.095960 0.993510 0.000000 0.000000 0.000000 0.000000 1.000000
0.995760 -0.053852 0.074575 0.000000 0.060646 0.993905 -0.092060 10.430300 -0.069163 0.096192 0.992957 0.000000 0.000000 0.000000 0.000000 1.000000
0.995138 -0.061184 0.077183 0.000000 0.068580 0.992905 -0.097138 10.430300 -0.070692 0.101959 0.992274 0.000000 0.000000 0.000000 0.000000 1.000000
0.995090 -0.066422 0.073373 0.000000 0.074194 0.991286 -0.108845 10.430300 -0.065504 0.113754 0.991347 -0.000000 0.000000 0.000000 0.000000 1.000000
0.995511 -0.069454 0.064289 -0.000000 0.077202 0.988874 -0.127154 10.430300 -0.054742 0.131546 0.989797 0.000000 0.000000 0.000000 0.000000 1.000000
0.996139 -0.071159 0.051413 -0.000000 0.078117 0.985708 -0.149259 10.430300 -0.040058 0.152699 0.987461 0.000000 0.000000 0.000000 0.000000 1.000000
0.996716 -0.072426 0.036207 0.000000 0.077586 0.982196 -0.171087 10.430300 -0.023171 0.173335 0.984590 0.000000 0.000000 0.000000 0.000000 1.000000
0.997086 -0.073657 0.019872 0.000000 0.076090 0.979000 -0.189130 10.430300 -0.005524 0.190090 0.981751 0.000000 0.000000 0.000000 0.000000 1.000000
0.997187 -0.074889 0.003263 0.000000 0.074012 0.976744 -0.201228 10.430300 0.011883 0.200903 0.979539 0.000000 0.000000 0.000000 0.000000 1.000000
0.997029 -0.075924 -0.012980 0.000000 0.071610 0.975748 -0.206854 10.430300 0.028371 0.205310 0.978286 0.000000 0.000000 0.000000 0.000000 1.000000
0.996680 -0.076375 -0.028201 -0.000000 0.068922 0.975886 -0.207113 10.430300 0.043339 0.204482 0.977911 -0.000000 0.000000 0.000000 0.000000 1.000000
0.996243 -0.075920 -0.041670 0.000000 0.065900 0.976746 -0.204019 10.430300 0.056190 0.200507 0.978080 0.000000 0.000000 0.000000 0.000000 1.000000
0.995831 -0.074481 -0.052658 0.000000 0.062572 0.977842 -0.199776 10.430300 0.066371 0.195649 0.978426 0.000000 0.000000 0.000000 0.000000 1.000000
0.995566 -0.071967 -0.060575 -0.000000 0.058834 0.978841 -0.195983 10.430300 0.073398 0.191550 0.978735 0.000000 0.000000 0.000000 0.000000 1.000000
0.995540 -0.068273 -0.065111 0.000000 0.054533 0.979609 -0.193373 10.430300 0.076986 0.188960 0.978962 0.000000 0.000000 0.000000 0.000000 1.000000
0.995798 -0.063206 -0.066270 0.000000 0.049443 0.980168 -0.191901 10.430300 0.077085 0.187818 0.979174 0.000000 0.000000 0.000000 0.000000 1.000000
0.996326 -0.056536 -0.064326 0.000000 0.043305 0.980612 -0.191113 10.430300 0.073884 0.187625 0.979458 -0.000000 0.000000 0.000000 0.000000 1.000000
0.997053 -0.048112 -0.059749 0.000000 0.035925 0.981036 -0.190468 10.430300 0.067780 0.187760 0.979873 0.000000 0.000000 0.000000 0.000000 1.000000
0.997863 -0.038027 -0.053144 0.000000 0.027311 0.981499 -0.189510 10.430300 0.059367 0.187654 0.980439 0.000000 0.000000 0.000000 0.000000 1.000000
0.998621 -0.026694 -0.045198 -0.000000 0.017744 0.982020 -0.187941 10.430300 0.049403 0.186880 0.981140 0.000000 0.000000 0.000000 0.000000 1.000000
0.999220 -0.014788 -0.036624 0.000000 0.007738 0.982590 -0.185624 10.430300 0.038731 0.185195 0.981938 0.000000 0.000000 0.000000 0.000000 1.000000
0.999601 -0.003077 -0.028085 -0.000000 -0.002101 0.983202 -0.182507 10.430300 0.028174 0.182493 0.982803 0.000000 0.000000 0.000000 0.000000 1.000000
0.999768 0.007697 -0.020126 -0.000000 -0.011171 0.983848 -0.178657 10.430300 0.018426 0.178840 0.983706 0.000000 0.000000 0.000000 0.000000 1.000000
0.999769 0.016999 -0.013120 0.000000 -0.019026 0.984517 -0.174252 10.430300 0.009955 0.174461 0.984614 0.000000 0.000000 0.000000 0.000000 1.000000
0.999672 0.024574 -0.007240 -0.000000 -0.025446 0.985182 -0.169612 10.430300 0.002965 0.169740 0.985484 -0.000000 0.000000 0.000000 0.000000 1.000000
0.999534 0.030422 -0.002480 0.000000 -0.030414 0.985798 -0.165158 10.430300 -0.002580 0.165156 0.986264 -0.000000 0.000000 0.000000 0.000000 1.000000
0.999397 0.034708 0.001304 0.000000 -0.034043 0.986317 -0.161305 10.430300 -0.006885 0.161163 0.986904 0.000000 0.000000 0.000000 0.000000 1.000000
0.999281 0.037653 0.004346 -0.000000 -0.036491 0.986710 -0.158341 10.430300 -0.010251 0.158068 0.987375 0.000000 0.000000 0.000000 0.000000 1.000000
0.999197 0.039476 0.006904 0.000000 -0.037913 0.986973 -0.156356 10.430300 -0.012987 0.155969 0.987677 0.000000 0.000000 0.000000 0.000000 1.000000
0.999143 0.040352 0.009192 -0.000000 -0.038439 0.987128 -0.155241 10.430300 -0.015338 0.154755 0.987834 -0.000000 0.000000 0.000000 0.000000 1.000000
0.999120 0.040393 0.011318 -0.000000 -0.038159 0.987221 -0.154723 10.430300 -0.017423 0.154155 0.987893 0.000000 0.000000 0.000000 0.000000 1.000000
0.999173 0.038454 0.013184 0.000000 -0.035953 0.987290 -0.154809 10.430300 -0.018970 0.154207 0.987856 0.000000 0.000000 0.000000 0.000000 1.000000
0.999292 0.034728 0.014476 0.000000 -0.032064 0.987355 -0.155246 10.430300 -0.019685 0.154672 0.987770 0.000000 0.000000 0.000000 0.000000 1.000000
0.999414 0.030740 0.015066 0.000000 -0.028025 0.987419 -0.155623 10.430300 -0.019660 0.155110 0.987702 0.000000 0.000000 0.000000 0.000000 1.000000
0.999510 0.027367 0.015172 0.000000 -0.024663 0.987400 -0.156312 10.430300 -0.019259 0.155861 0.987591 0.000000 0.000000 0.000000 0.000000 1.000000
0.999592 0.024241 0.015121 0.000000 -0.021566 0.987328 -0.157220 10.430300 -0.018741 0.156830 0.987448 0.000000 0.000000 0.000000 0.000000 1.000000
0.999661 0.021309 0.014948 0.000000 -0.018677 0.987216 -0.158293 10.430300 -0.018129 0.157960 0.987279 0.000000 0.000000 0.000000 0.000000 1.000000
0.999720 0.018525 0.014711 0.000000 -0.015945 0.987081 -0.159429 10.430300 -0.017475 0.159150 0.987100 0.000000 0.000000 0.000000 0.000000 1.000000
0.999769 0.015880 0.014464 0.000000 -0.013354 0.986937 -0.160554 10.430300 -0.016824 0.160324 0.986921 0.000000 0.000000 0.000000 0.000000 1.000000</float_array><technique_common><accessor source="#mixamorig5_Spine1-Matrix-animation-output-transform-array" count="66" stride="16"><param type="float4x4"/></accessor></technique_common></source><source id="mixamorig5_Spine1-Interpolations"><Name_array id="mixamorig5_Spine1-Interpolations-array" count="66">
 LINEAR LINEAR LINEAR LINEAR LINEAR LINEAR LINEAR LINEAR LINEAR LINEAR LINEAR
LINEAR LINEAR LINEAR LINEAR LINEAR LINEAR LINEAR LINEAR LINEAR LINEAR LINEAR LINEAR
LINEAR LINEAR LINEAR LINEAR LINEAR LINEAR LINEAR LINEAR LINEAR LINEAR LINEAR LINEAR
LINEAR LINEAR LINEAR LINEAR LINEAR LINEAR LINEAR LINEAR LINEAR LINEAR LINEAR LINEAR
LINEAR LINEAR LINEAR LINEAR LINEAR LINEAR LINEAR LINEAR LINEAR LINEAR LINEAR LINEAR
LINEAR LINEAR LINEAR LINEAR LINEAR LINEAR LINEAR</Name_array><technique_common><accessor source="#mixamorig5_Spine1-Interpolations-array" count="66"><param type="name"/></accessor></technique_common></source><sampler id="mixamorig5_Spine1-Matrix-animation-transform"><input semantic="INPUT" source="#mixamorig5_Spine1-Matrix-animation-input"/><input semantic="OUTPUT" source="#mixamorig5_Spine1-Matrix-animation-output-transform"/><input semantic="INTERPOLATION" source="#mixamorig5_Spine1-Interpolations"/></sampler><channel source="#mixamorig5_Spine1-Matrix-animation-transform" target="mixamorig5_Spine1/matrix"/></animation>
    <animation id="mixamorig5_Spine2-anim" name="mixamorig5_Spine2"><source id="mixamorig5_Spine2-Matrix-animation-input"><float_array id="mixamorig5_Spine2-Matrix-animation-input-array" count="66">

0.000000 0.033333 0.066667 0.100000 0.133333 0.166667 0.200000 0.233333 0.266667 0.300000 0.333333 0.366667 0.400000 0.433333 0.466667 0.500000
0.533333 0.566667 0.600000 0.633333 0.666667 0.700000 0.733333 0.766667 0.800000 0.833333 0.866667 0.900000 0.933333 0.966667 1.000000 1.033333
1.066667 1.100000 1.133333 1.166667 1.200000 1.233333 1.266667 1.300000 1.333333 1.366667 1.400000 1.433333 1.466667 1.500000 1.533333 1.566667
1.600000 1.633333 1.666667 1.700000 1.733333 1.766667 1.800000 1.833333 1.866667 1.900000 1.933333 1.966667 2.000000 2.033333 2.066667 2.100000
2.133333 2.166667</float_array><technique_common><accessor source="#mixamorig5_Spine2-Matrix-animation-input-array" count="66"><param name="TIME" type="float"/></accessor></technique_common></source><source id="mixamorig5_Spine2-Matrix-animation-output-transform"><float_array id="mixamorig5_Spine2-Matrix-animation-output-transform-array" count="1056">

0.999723 0.016514 0.016759 -0.000000 -0.013616 0.986972 -0.160313 11.920300 -0.019188 0.160040 0.986924 0.000000 0.000000 0.000000 0.000000 1.000000
0.999763 0.014087 0.016569 0.000000 -0.011230 0.986827 -0.161388 11.920300 -0.018624 0.161164 0.986752 -0.000000 0.000000 0.000000 0.000000 1.000000
0.999795 0.011817 0.016459 0.000000 -0.008990 0.986697 -0.162319 11.920300 -0.018158 0.162138 0.986601 0.000000 0.000000 0.000000 0.000000 1.000000
0.999817 0.009706 0.016497 -0.000000 -0.006888 0.986600 -0.163010 11.920300 -0.017858 0.162866 0.986487 -0.000000 0.000000 0.000000 0.000000 1.000000
0.999830 0.007735 0.016732 0.000000 -0.004897 0.986546 -0.163409 11.920300 -0.017771 0.163299 0.986417 0.000000 0.000000 0.000000 0.000000 1.000000
0.999835 0.005933 0.017175 0.000000 -0.003045 0.986540 -0.163494 11.920300 -0.017914 0.163415 0.986395 0.000000 0.000000 0.000000 0.000000 1.000000
0.999824 0.004737 0.018164 -0.000000 -0.001723 0.986713 -0.162466 11.920300 -0.018692 0.162406 0.986547 0.000000 0.000000 0.000000 0.000000 1.000000
0.999837 0.002519 0.017873 -0.000000 0.000426 0.986642 -0.162905 11.920300 -0.018044 0.162886 0.986480 -0.000000 0.000000 0.000000 0.000000 1.000000
0.999881 -0.000227 0.015401 -0.000000 0.002781 0.986115 -0.166042 11.920300 -0.015150 0.166065 0.985998 -0.000000 0.000000 0.000000 0.000000 1.000000
0.999945 -0.002543 0.010184 0.000000 0.004262 0.984991 -0.172554 11.920300 -0.009593 0.172588 0.984947 -0.000000 0.000000 0.000000 0.000000 1.000000
