<?xml version="1.0" encoding="utf-8"?>
<COLLADA xmlns="http://www.collada.org/2005/11/COLLADASchema" version="1.4.1">
  <asset><contributor><author>Mixamo</author><authoring_tool>COLLADA Mixamo exporter</authoring_tool><comments></comments></contributor><created>2021-01-15T09:18:39Z</created><modified>2021-01-15T09:18:39Z</modified><revision></revision><title></title><unit meter="0.010000"/><up_axis>Y_UP</up_axis></asset>
  <library_animations>
    <animation id="Hips-anim" name="Hips"><source id="Hips-Matrix-animation-input"><float_array id="Hips-Matrix-animation-input-array" count="92">

0.000000 0.033333 0.066667 0.100000 0.133333 0.166667 0.200000 0.233333 0.266667 0.300000 0.333333 0.366667 0.400000 0.433333 0.466667 0.500000
0.533333 0.566667 0.600000 0.633333 0.666667 0.700000 0.733333 0.766667 0.800000 0.833333 0.866667 0.900000 0.933333 0.966667 1.000000 1.033333
1.066667 1.100000 1.133333 1.166667 1.200000 1.233333 1.266667 1.300000 1.333333 1.366667 1.400000 1.433333 1.466667 1.500000 1.533333 1.566667
1.600000 1.633333 1.666667 1.700000 1.733333 1.766667 1.800000 1.833333 1.866667 1.900000 1.933333 1.966667 2.000000 2.033333 2.066667 2.100000
2.133333 2.166667 2.200000 2.233333 2.266667 2.300000 2.333333 2.366667 2.400000 2.433333 2.466667 2.500000 2.533333 2.566667 2.600000 2.633333
2.666667 2.700000 2.733333 2.766667 2.800000 2.833333 2.866667 2.900000 2.933333 2.966667 3.000000 3.033333</float_array><technique_common><accessor source="#Hips-Matrix-animation-input-array" count="92"><param name="TIME" type="float"/></accessor></technique_common></source><source id="Hips-Matrix-animation-output-transform"><float_array id="Hips-Matrix-animation-output-transform-array" count="1472">

0.641823 -0.113316 -0.758434 1.357378 -0.013913 0.987139 -0.159260 94.458305 0.766727 0.112769 0.631992 -1.250110 0.000000 0.000000 0.000000 1.000000
0.702337 -0.093753 -0.705644 0.614608 0.093811 0.994833 -0.038804 94.841660 0.705636 -0.038944 0.707503 -7.468493 0.000000 0.000000 0.000000 1.000000
0.762022 -0.086972 -0.641684 -1.586606 0.197343 0.974992 0.102204 96.530930 0.616748 -0.204513 0.760129 -19.065826 0.000000 0.000000 0.000000 1.000000
0.815769 -0.095558 -0.570429 -4.755113 0.283828 0.925477 0.250867 101.873825 0.503947 -0.366554 0.782097 -33.219891 0.000000 0.000000 0.000000 1.000000
0.856004 -0.115235 -0.503962 -8.245221 0.339930 0.859925 0.380758 109.255768 0.389493 -0.497242 0.775271 -48.964855 0.000000 0.000000 0.000000 1.000000
0.902739 -0.158144 -0.400066 -11.535849 0.374973 0.745080 0.551589 116.569168 0.210851 -0.647955 0.731913 -62.557373 0.000000 0.000000 0.000000 1.000000
0.935314 -0.183589 -0.302462 -14.116373 0.338913 0.710378 0.616847 123.646896 0.101616 -0.679454 0.726647 -74.837700 0.000000 0.000000 0.000000 1.000000
0.952527 -0.181556 -0.244396 -16.369558 0.301119 0.680274 0.668247 129.384872 0.044932 -0.710116 0.702650 -85.155403 0.000000 0.000000 0.000000 1.000000
0.971855 -0.168890 -0.164236 -18.397717 0.233506 0.598334 0.766467 134.286148 -0.031180 -0.783245 0.620930 -93.702209 0.000000 0.000000 0.000000 1.000000
0.990098 -0.135220 -0.037699 -19.962664 0.103068 0.517924 0.849195 138.040482 -0.095303 -0.844671 0.526733 -100.774750 0.000000 0.000000 0.000000 1.000000
0.992572 -0.105803 0.060051 -20.605814 -0.004824 0.458993 0.888427 140.082153 -0.121561 -0.882117 0.455074 -106.766876 0.000000 0.000000 0.000000 1.000000
0.989439 -0.087245 0.115749 -21.002697 -0.067997 0.425854 0.902233 140.334961 -0.128008 -0.900576 0.415425 -112.006195 0.000000 0.000000 0.000000 1.000000
0.988521 -0.077574 0.129651 -20.668869 -0.086471 0.413197 0.906527 138.867859 -0.123895 -0.907332 0.401745 -116.957512 0.000000 0.000000 0.000000 1.000000
0.987253 -0.066682 0.144517 -20.021742 -0.105599 0.404934 0.908228 135.767334 -0.119082 -0.911911 0.392731 -121.539619 0.000000 0.000000 0.000000 1.000000
0.983393 -0.057377 0.172183 -19.360390 -0.136625 0.390464 0.910424 131.523178 -0.119469 -0.918828 0.376140 -126.010132 0.000000 0.000000 0.000000 1.000000
0.980978 -0.050411 0.187462 -18.719217 -0.155726 0.372198 0.914996 126.496292 -0.115899 -0.926783 0.357267 -130.408020 0.000000 0.000000 0.000000 1.000000
0.981530 -0.043375 0.186326 -18.354124 -0.158087 0.364602 0.917646 121.052811 -0.107738 -0.930153 0.351011 -134.677444 0.000000 0.000000 0.000000 1.000000
0.982368 -0.036772 0.183303 -18.251101 -0.159368 0.347900 0.923887 115.006897 -0.097745 -0.936810 0.335906 -138.792480 0.000000 0.000000 0.000000 1.000000
0.984849 -0.029144 0.170948 -18.072351 -0.152180 0.327419 0.932544 107.298508 -0.083150 -0.944430 0.318023 -142.755020 0.000000 0.000000 0.000000 1.000000
0.988371 -0.020715 0.150646 -17.983351 -0.137052 0.307838 0.941516 98.783813 -0.065878 -0.951213 0.301419 -146.542160 0.000000 0.000000 0.000000 1.000000
0.992046 -0.011638 0.125338 -18.027910 -0.117384 0.274036 0.954529 88.981140 -0.045456 -0.961649 0.270490 -150.086884 0.000000 0.000000 0.000000 1.000000
0.995108 -0.002696 0.098760 -18.152136 -0.095225 0.240187 0.966045 78.341614 -0.026325 -0.970723 0.238755 -153.372375 0.000000 0.000000 0.000000 1.000000
0.997524 0.006338 0.070038 -18.247332 -0.069819 0.208423 0.975544 66.624733 -0.008415 -0.978018 0.208349 -156.502121 0.000000 0.000000 0.000000 1.000000
0.999084 0.010705 0.041428 -18.474865 -0.042658 0.173499 0.983910 53.079212 0.003345 -0.984776 0.173797 -159.546188 0.000000 0.000000 0.000000 1.000000
0.999963 0.006518 -0.005669 -19.016165 0.004963 0.103626 0.994604 37.858601 0.007070 -0.994595 0.103589 -162.456009 0.000000 0.000000 0.000000 1.000000
0.998892 -0.002543 -0.046989 -19.726509 0.047057 0.057828 0.997217 24.058495 0.000182 -0.998323 0.057884 -165.183716 0.000000 0.000000 0.000000 1.000000
0.998491 -0.024206 -0.049303 -20.387869 0.052225 0.140446 0.988710 21.165684 -0.017009 -0.989792 0.141498 -166.284164 0.000000 0.000000 0.000000 1.000000
0.998565 -0.053455 -0.003179 -20.870958 0.011171 0.149885 0.988640 24.159719 -0.052372 -0.987257 0.150267 -166.899414 0.000000 0.000000 0.000000 1.000000
0.996499 -0.078653 0.028333 -20.853012 -0.028587 -0.002101 0.999589 26.396122 -0.078561 -0.996900 -0.004342 -167.956833 0.000000 0.000000 0.000000 1.000000
0.994374 -0.096975 0.042614 -20.556250 -0.064123 -0.230879 0.970867 28.382189 -0.084312 -0.968138 -0.235798 -168.126923 0.000000 0.000000 0.000000 1.000000
0.989507 -0.113542 0.089351 -19.874432 -0.124717 -0.359000 0.924967 31.403652 -0.072946 -0.926405 -0.369394 -169.168991 0.000000 0.000000 0.000000 1.000000
0.969661 -0.129932 0.207064 -19.153988 -0.243170 -0.425957 0.871452 34.470596 -0.025029 -0.895365 -0.444630 -169.774857 0.000000 0.000000 0.000000 1.000000
0.919986 -0.151643 0.361428 -18.104864 -0.388639 -0.472564 0.790976 36.900322 0.050852 -0.868152 -0.493687 -169.953537 0.000000 0.000000 0.000000 1.000000
0.856924 -0.182190 0.482169 -16.920149 -0.502942 -0.500306 0.704800 39.080566 0.112825 -0.846463 -0.520356 -170.091354 0.000000 0.000000 0.000000 1.000000
0.796701 -0.204739 0.568638 -15.400301 -0.583775 -0.504239 0.636356 39.771755 0.156442 -0.838942 -0.521250 -170.327728 0.000000 0.000000 0.000000 1.000000
0.731368 -0.221819 0.644901 -13.605734 -0.655165 -0.491100 0.574090 39.188824 0.189367 -0.842388 -0.504503 -171.026138 0.000000 0.000000 0.000000 1.000000
0.665215 -0.238643 0.707487 -11.610218 -0.717377 -0.467002 0.516990 37.807186 0.207023 -0.851445 -0.481854 -170.983200 0.000000 0.000000 0.000000 1.000000
0.600704 -0.266555 0.753726 -9.425083 -0.775509 -0.423375 0.468338 35.890930 0.194271 -0.865853 -0.461039 -170.501953 0.000000 0.000000 0.000000 1.000000
0.544961 -0.304083 0.781378 -7.402387 -0.825877 -0.355527 0.437638 33.563736 0.144722 -0.883818 -0.444884 -169.045090 0.000000 0.000000 0.000000 1.000000
0.488326 -0.347091 0.800666 -5.685370 -0.870016 -0.265017 0.415737 31.273277 0.067892 -0.899608 -0.431389 -166.343948 0.000000 0.000000 0.000000 1.000000
0.441958 -0.373957 0.815371 -4.133407 -0.897010 -0.191084 0.398571 28.501347 0.006756 -0.907548 -0.419894 -162.641754 0.000000 0.000000 0.000000 1.000000
0.396283 -0.379088 0.836213 -3.117769 -0.918044 -0.151301 0.366473 27.345234 -0.012405 -0.912908 -0.407978 -159.162521 0.000000 0.000000 0.000000 1.000000
0.348764 -0.379724 0.856839 -2.810352 -0.937139 -0.129972 0.323849 27.211109 -0.011608 -0.915924 -0.401184 -157.673447 0.000000 0.000000 0.000000 1.000000
0.302626 -0.377929 0.874978 -2.611269 -0.953107 -0.118044 0.278662 27.704002 -0.002029 -0.918278 -0.395930 -157.438690 0.000000 0.000000 0.000000 1.000000
0.255131 -0.374452 0.891456 -1.975910 -0.966788 -0.113211 0.229137 28.163700 0.015122 -0.920309 -0.390900 -157.203079 0.000000 0.000000 0.000000 1.000000
0.207534 -0.371032 0.905133 -0.962211 -0.977651 -0.110440 0.178890 28.433767 0.033589 -0.922030 -0.385659 -156.720825 0.000000 0.000000 0.000000 1.000000
0.161452 -0.368238 0.915606 0.261980 -0.985672 -0.106069 0.131149 28.311420 0.048823 -0.923661 -0.380087 -156.352554 0.000000 0.000000 0.000000 1.000000
0.115729 -0.365562 0.923564 1.360733 -0.991474 -0.098576 0.085220 27.952488 0.059888 -0.925552 -0.373853 -156.270401 0.000000 0.000000 0.000000 1.000000
0.065868 -0.361261 0.930135 2.494027 -0.995562 -0.086590 0.036871 27.500229 0.067220 -0.928436 -0.365361 -156.346893 0.000000 0.000000 0.000000 1.000000
0.010893 -0.355459 0.934629 3.578332 -0.997196 -0.073066 -0.016166 26.971573 0.074036 -0.931832 -0.355258 -156.491745 0.000000 0.000000 0.000000 1.000000
-0.052968 -0.347889 0.936038 4.880929 -0.995214 -0.058687 -0.078128 26.460182 0.082113 -0.935697 -0.343116 -156.589218 0.000000 0.000000 0.000000 1.000000
-0.126751 -0.341178 0.931414 6.335724 -0.987624 -0.044033 -0.150530 25.997704 0.092370 -0.938967 -0.331374 -156.727951 0.000000 0.000000 0.000000 1.000000
-0.214066 -0.334068 0.917919 7.902809 -0.971221 -0.027669 -0.236566 25.526728 0.104427 -0.942143 -0.318531 -157.017532 0.000000 0.000000 0.000000 1.000000
-0.315523 -0.326902 0.890831 9.481192 -0.941534 -0.009031 -0.336796 25.190533 0.118145 -0.945015 -0.304940 -157.328629 0.000000 0.000000 0.000000 1.000000
-0.419176 -0.319972 0.849652 10.636709 -0.899211 0.017120 -0.437179 25.232754 0.125339 -0.947272 -0.294899 -157.605423 0.000000 0.000000 0.000000 1.000000
-0.500606 -0.313126 0.807060 12.095037 -0.857424 0.050938 -0.512083 25.484436 0.119237 -0.948344 -0.293982 -157.806915 0.000000 0.000000 0.000000 1.000000
-0.543008 -0.306234 0.781897 13.459304 -0.832516 0.074556 -0.548961 25.719456 0.109816 -0.949032 -0.295429 -158.033005 0.000000 0.000000 0.000000 1.000000
-0.555548 -0.301021 0.775083 14.521442 -0.824709 0.080725 -0.559767 25.787403 0.105933 -0.950195 -0.293101 -158.278259 0.000000 0.000000 0.000000 1.000000
-0.555952 -0.298491 0.775771 15.317726 -0.823499 0.070919 -0.562868 25.667740 0.112994 -0.951774 -0.285234 -158.466873 0.000000 0.000000 0.000000 1.000000
-0.557087 -0.299480 0.774574 15.897789 -0.821684 0.063586 -0.566385 25.593468 0.120369 -0.951981 -0.281501 -158.551407 0.000000 0.000000 0.000000 1.000000
-0.557917 -0.303831 0.772279 16.266048 -0.820042 0.058849 -0.569270 25.559139 0.127514 -0.950907 -0.281987 -158.590164 0.000000 0.000000 0.000000 1.000000
-0.557820 -0.310943 0.769514 16.379782 -0.818994 0.055990 -0.571064 25.509596 0.134483 -0.948778 -0.285893 -158.602570 0.000000 0.000000 0.000000 1.000000
-0.553895 -0.321936 0.767827 16.146523 -0.820624 0.055331 -0.568783 25.479872 0.140627 -0.945143 -0.294836 -158.619858 0.000000 0.000000 0.000000 1.000000
-0.539745 -0.334690 0.772437 15.641048 -0.829301 0.053688 -0.556217 25.467464 0.144690 -0.940798 -0.306536 -158.660751 0.000000 0.000000 0.000000 1.000000
-0.513542 -0.347569 0.784520 14.910730 -0.845444 0.048724 -0.531836 25.437744 0.146625 -0.936388 -0.318872 -158.725677 0.000000 0.000000 0.000000 1.000000
-0.477730 -0.358989 0.801811 13.964167 -0.866204 0.040276 -0.498064 25.400131 0.146506 -0.932472 -0.330199 -158.813034 0.000000 0.000000 0.000000 1.000000
-0.438665 -0.368884 0.819449 12.875275 -0.886758 0.029826 -0.461270 25.545479 0.145714 -0.928997 -0.340195 -158.903885 0.000000 0.000000 0.000000 1.000000
-0.400894 -0.376610 0.835134 11.744160 -0.904708 0.019283 -0.425596 25.756245 0.144180 -0.926171 -0.348452 -158.971054 0.000000 0.000000 0.000000 1.000000
-0.361914 -0.381153 0.850729 10.579214 -0.921221 0.006508 -0.388986 25.871929 0.142727 -0.924489 -0.353481 -159.022827 0.000000 0.000000 0.000000 1.000000
-0.315691 -0.385233 0.867142 9.355801 -0.938453 -0.008229 -0.345308 25.871269 0.140159 -0.922783 -0.358925 -159.034042 0.000000 0.000000 0.000000 1.000000
-0.260935 -0.388306 0.883816 8.127831 -0.955695 -0.025294 -0.293269 25.657171 0.136233 -0.921183 -0.364502 -158.995758 0.000000 0.000000 0.000000 1.000000
-0.202811 -0.389957 0.898221 6.901958 -0.970397 -0.042806 -0.237692 25.301502 0.131139 -0.919838 -0.369731 -158.935196 0.000000 0.000000 0.000000 1.000000
-0.148038 -0.389917 0.908873 5.688124 -0.981108 -0.057834 -0.184615 24.965012 0.124548 -0.919032 -0.373989 -158.839325 0.000000 0.000000 0.000000 1.000000
-0.099534 -0.388816 0.915923 4.561115 -0.988194 -0.069120 -0.136729 24.667000 0.116471 -0.918719 -0.377345 -158.727478 0.000000 0.000000 0.000000 1.000000
-0.054976 -0.387829 0.920090 3.502156 -0.992780 -0.077158 -0.091842 24.423592 0.106612 -0.918496 -0.380787 -158.600464 0.000000 0.000000 0.000000 1.000000
-0.014811 -0.386196 0.922298 2.533509 -0.995374 -0.081874 -0.050268 24.234119 0.094926 -0.918776 -0.383197 -158.471161 0.000000 0.000000 0.000000 1.000000
0.020315 -0.386602 0.922023 1.636610 -0.996388 -0.083877 -0.013216 24.089560 0.082446 -0.918424 -0.386910 -158.342545 0.000000 0.000000 0.000000 1.000000
0.049323 -0.390111 0.919446 1.021302 -0.996355 -0.083360 0.018080 23.916695 0.069592 -0.916986 -0.392801 -158.202347 0.000000 0.000000 0.000000 1.000000
0.074602 -0.393427 0.916324 0.585028 -0.995513 -0.083018 0.045405 23.769526 0.058208 -0.915600 -0.397855 -158.081299 0.000000 0.000000 0.000000 1.000000
0.095554 -0.394974 0.913709 0.239013 -0.994134 -0.084581 0.067403 23.624907 0.050660 -0.914790 -0.400740 -157.987366 0.000000 0.000000 0.000000 1.000000
0.112184 -0.394601 0.911979 -0.096092 -0.992598 -0.087474 0.084252 23.496149 0.046529 -0.914679 -0.401493 -157.935928 0.000000 0.000000 0.000000 1.000000
0.124364 -0.393424 0.910907 -0.288113 -0.991211 -0.091000 0.096024 23.395748 0.045114 -0.914843 -0.401283 -157.866913 0.000000 0.000000 0.000000 1.000000
0.131096 -0.394228 0.909614 -0.321161 -0.990348 -0.093721 0.102112 23.312565 0.044995 -0.914221 -0.402709 -157.716309 0.000000 0.000000 0.000000 1.000000
0.133500 -0.396344 0.908344 -0.370074 -0.990008 -0.095328 0.103906 23.226233 0.045408 -0.913139 -0.405110 -157.612564 0.000000 0.000000 0.000000 1.000000
0.131914 -0.399858 0.907035 -0.411516 -0.990157 -0.096322 0.101540 23.137138 0.046766 -0.911502 -0.408629 -157.582321 0.000000 0.000000 0.000000 1.000000
0.126570 -0.404194 0.905873 -0.420845 -0.990787 -0.095868 0.095659 23.082436 0.048179 -0.909635 -0.412605 -157.621124 0.000000 0.000000 0.000000 1.000000
0.118507 -0.407830 0.905335 -0.356009 -0.991604 -0.096119 0.086501 23.073484 0.051743 -0.907985 -0.415797 -157.678604 0.000000 0.000000 0.000000 1.000000
0.110815 -0.408235 0.906126 -0.259251 -0.992110 -0.099233 0.076623 23.045256 0.058638 -0.907467 -0.416010 -157.794708 0.000000 0.000000 0.000000 1.000000
0.101239 -0.408774 0.907003 -0.125103 -0.992656 -0.102192 0.064743 23.034805 0.066224 -0.906896 -0.416117 -157.926941 0.000000 0.000000 0.000000 1.000000
0.090193 -0.408794 0.908159 0.011785 -0.993169 -0.104704 0.051505 23.041416 0.074033 -0.906600 -0.415445 -158.080856 0.000000 0.000000 0.000000 1.000000
0.079274 -0.409003 0.909083 0.111000 -0.993701 -0.104880 0.039467 23.061796 0.079203 -0.906486 -0.414741 -158.221924 0.000000 0.000000 0.000000 1.000000
0.069584 -0.407609 0.910501 0.203170 -0.994097 -0.104488 0.029196 23.079231 0.083236 -0.907159 -0.412474 -158.336777 0.000000 0.000000 0.000000 1.000000</float_array><technique_common><accessor source="#Hips-Matrix-animation-output-transform-array" count="92" stride="16"><param type="float4x4"/></accessor></technique_common></source><source id="Hips-Interpolations"><Name_array id="Hips-Interpolations-array" count="92">
 LINEAR LINEAR LINEAR LINEAR LINEAR LINEAR LINEAR LINEAR LINEAR LINEAR LINEAR
LINEAR LINEAR LINEAR LINEAR LINEAR LINEAR LINEAR LINEAR LINEAR LINEAR LINEAR LINEAR
LINEAR LINEAR LINEAR LINEAR LINEAR LINEAR LINEAR LINEAR LINEAR LINEAR LINEAR LINEAR
LINEAR LINEAR LINEAR LINEAR LINEAR LINEAR LINEAR LINEAR LINEAR LINEAR LINEAR LINEAR
LINEAR LINEAR LINEAR LINEAR LINEAR LINEAR LINEAR LINEAR LINEAR LINEAR LINEAR LINEAR
LINEAR LINEAR LINEAR LINEAR LINEAR LINEAR LINEAR LINEAR LINEAR LINEAR LINEAR LINEAR
LINEAR LINEAR LINEAR LINEAR LINEAR LINEAR LINEAR LINEAR LINEAR LINEAR LINEAR LINEAR
LINEAR LINEAR LINEAR LINEAR LINEAR LINEAR LINEAR LINEAR LINEAR</Name_array><technique_common><accessor source="#Hips-Interpolations-array" count="92"><param type="name"/></accessor></technique_common></source><sampler id="Hips-Matrix-animation-transform"><input semantic="INPUT" source="#Hips-Matrix-animation-input"/><input semantic="OUTPUT" source="#Hips-Matrix-animation-output-transform"/><input semantic="INTERPOLATION" source="#Hips-Interpolations"/></sampler><channel source="#Hips-Matrix-animation-transform" target="Hips/matrix"/></animation>
    <animation id="Spine-anim" name="Spine"><source id="Spine-Matrix-animation-input"><float_array id="Spine-Matrix-animation-input-array" count="92">

0.000000 0.033333 0.066667 0.100000 0.133333 0.166667 0.200000 0.233333 0.266667 0.300000 0.333333 0.366667 0.400000 0.433333 0.466667 0.500000
0.533333 0.566667 0.600000 0.633333 0.666667 0.700000 0.733333 0.766667 0.800000 0.833333 0.866667 0.900000 0.933333 0.966667 1.000000 1.033333
1.066667 1.100000 1.133333 1.166667 1.200000 1.233333 1.266667 1.300000 1.333333 1.366667 1.400000 1.433333 1.466667 1.500000 1.533333 1.566667
1.600000 1.633333 1.666667 1.700000 1.733333 1.766667 1.800000 1.833333 1.866667 1.900000 1.933333 1.966667 2.000000 2.033333 2.066667 2.100000
2.133333 2.166667 2.200000 2.233333 2.266667 2.300000 2.333333 2.366667 2.400000 2.433333 2.466667 2.500000 2.533333 2.566667 2.600000 2.633333
2.666667 2.700000 2.733333 2.766667 2.800000 2.833333 2.866667 2.900000 2.933333 2.966667 3.000000 3.033333</float_array><technique_common><accessor source="#Spine-Matrix-animation-input-array" count="92"><param name="TIME" type="float"/></accessor></technique_common></source><source id="Spine-Matrix-animation-output-transform"><float_array id="Spine-Matrix-animation-output-transform-array" count="1472">

0.996569 0.054989 0.061854 0.030900 -0.046667 0.990578 -0.128757 11.006600 -0.068352 0.125429 0.989745 0.107900 0.000000 0.000000 0.000000 1.000000
0.996957 0.048971 0.060650 0.030900 -0.041433 0.991927 -0.119850 11.006600 -0.066030 0.116972 0.990938 0.107900 0.000000 0.000000 0.000000 1.000000
0.997753 0.032899 0.058362 0.030900 -0.027151 0.994945 -0.096676 11.006600 -0.061248 0.094875 0.993603 0.107900 0.000000 0.000000 0.000000 1.000000
0.998344 0.013990 0.055804 0.030900 -0.010366 0.997850 -0.064708 11.006600 -0.056589 0.064023 0.996343 0.107900 0.000000 0.000000 0.000000 1.000000
0.998529 -0.001818 0.054183 0.030900 0.003407 0.999567 -0.029244 11.006600 -0.054106 0.029385 0.998103 0.107900 0.000000 0.000000 0.000000 1.000000
0.998380 -0.008388 0.056282 0.030900 0.008148 0.999957 0.004487 11.006600 -0.056318 -0.004021 0.998405 0.107900 0.000000 0.000000 0.000000 1.000000
0.997270 0.015171 0.072268 0.030900 -0.017321 0.999423 0.029223 11.006600 -0.071783 -0.030395 0.996957 0.107900 0.000000 0.000000 0.000000 1.000000
0.995681 0.038990 0.084259 0.030900 -0.042007 0.998527 0.034332 11.006600 -0.082796 -0.037724 0.995852 0.107900 0.000000 0.000000 0.000000 1.000000
0.995739 0.048035 0.078722 0.030900 -0.049874 0.998523 0.021562 11.006600 -0.077570 -0.025396 0.996663 0.107900 0.000000 0.000000 0.000000 1.000000
0.997048 0.045424 0.061899 0.030900 -0.045901 0.998926 0.006308 11.006600 -0.061546 -0.009131 0.998062 0.107900 0.000000 0.000000 0.000000 1.000000
0.997883 0.042303 0.049392 0.030900 -0.042302 0.999104 -0.001082 11.006600 -0.049393 -0.001010 0.998779 0.107900 0.000000 0.000000 0.000000 1.000000
0.998434 0.039475 0.039636 0.030900 -0.039278 0.999212 -0.005742 11.006600 -0.039832 0.004176 0.999198 0.107900 0.000000 0.000000 0.000000 1.000000
0.998860 0.032804 0.034691 0.030900 -0.032342 0.999382 -0.013776 11.006600 -0.035122 0.012639 0.999303 0.107900 0.000000 0.000000 0.000000 1.000000
0.999396 0.022459 0.026510 0.030900 -0.021880 0.999520 -0.021946 11.006600 -0.026990 0.021353 0.999408 0.107900 0.000000 0.000000 0.000000 1.000000
0.999800 0.009452 0.017626 0.030900 -0.008902 0.999479 -0.031016 11.006600 -0.017910 0.030853 0.999363 0.107900 0.000000 0.000000 0.000000 1.000000
0.999908 -0.000426 0.013545 0.030900 0.000992 0.999124 -0.041829 11.006600 -0.013515 0.041839 0.999033 0.107900 0.000000 0.000000 0.000000 1.000000
0.999916 -0.006234 0.011373 0.030900 0.006774 0.998822 -0.048057 11.006600 -0.011060 0.048130 0.998780 0.107900 0.000000 0.000000 0.000000 1.000000
0.999933 -0.007851 0.008524 0.030900 0.008296 0.998530 -0.053565 11.006600 -0.008091 0.053632 0.998528 0.107900 0.000000 0.000000 0.000000 1.000000
0.999966 -0.006311 0.005350 0.030900 0.006607 0.998338 -0.057250 11.006600 -0.004979 0.057283 0.998346 0.107900 0.000000 0.000000 0.000000 1.000000
0.999994 -0.001905 0.002859 0.030900 0.002069 0.998300 -0.058253 11.006600 -0.002743 0.058258 0.998298 0.107900 0.000000 0.000000 0.000000 1.000000
0.999976 0.006852 0.001247 0.030900 -0.006766 0.998226 -0.059150 11.006600 -0.001651 0.059141 0.998248 0.107900 0.000000 0.000000 0.000000 1.000000
0.999948 0.010079 0.001527 0.030900 -0.009958 0.997836 -0.064995 11.006600 -0.002179 0.064977 0.997884 0.107900 0.000000 0.000000 0.000000 1.000000
0.999941 0.009911 0.004337 0.030900 -0.009558 0.997144 -0.074910 11.006600 -0.005067 0.074864 0.997181 0.107900 0.000000 0.000000 0.000000 1.000000
0.999932 0.008298 0.008231 0.030900 -0.007553 0.996194 -0.086831 11.006600 -0.008920 0.086763 0.996189 0.107900 0.000000 0.000000 0.000000 1.000000
0.999926 0.006809 0.010053 0.030900 -0.005768 0.994953 -0.100173 11.006600 -0.010684 0.100107 0.994919 0.107900 0.000000 0.000000 0.000000 1.000000
0.999920 0.010681 0.006747 0.030900 -0.009817 0.993053 -0.117259 11.006600 -0.007952 0.117184 0.993078 0.107900 0.000000 0.000000 0.000000 1.000000
0.999824 0.018718 -0.000939 0.030900 -0.018712 0.994157 -0.106312 11.006600 -0.001057 0.106311 0.994332 0.107900 0.000000 0.000000 0.000000 1.000000
0.999629 0.024829 -0.011164 0.030900 -0.025799 0.994924 -0.097261 11.006600 0.008693 0.097513 0.995196 0.107900 0.000000 0.000000 0.000000 1.000000
0.999350 0.026936 -0.023978 0.030900 -0.029453 0.993306 -0.111696 11.006600 0.020809 0.112330 0.993453 0.107900 0.000000 0.000000 0.000000 1.000000
0.998960 0.025213 -0.037981 0.030900 -0.029844 0.991481 -0.126786 11.006600 0.034461 0.127787 0.991203 0.107900 0.000000 0.000000 0.000000 1.000000
0.998698 0.014220 -0.048981 0.030900 -0.020081 0.992409 -0.121327 11.006600 0.046884 0.122152 0.991403 0.107900 0.000000 0.000000 0.000000 1.000000
0.998261 -0.006370 -0.058607 0.030900 -0.000254 0.993672 -0.112318 11.006600 0.058952 0.112137 0.991943 0.107900 0.000000 0.000000 0.000000 1.000000
0.997105 -0.018614 -0.073729 0.030900 0.010897 0.994547 -0.103717 11.006600 0.075257 0.102613 0.991870 0.107900 0.000000 0.000000 0.000000 1.000000
0.995667 -0.025174 -0.089517 0.030900 0.016328 0.995032 -0.098208 11.006600 0.091544 0.096321 0.991132 0.107900 0.000000 0.000000 0.000000 1.000000
0.994286 -0.029068 -0.102718 0.030900 0.019431 0.995420 -0.093607 11.006600 0.104968 0.091076 0.990296 0.107900 0.000000 0.000000 0.000000 1.000000
0.993065 -0.033264 -0.112760 0.030900 0.023000 0.995572 -0.091140 11.006600 0.115293 0.087915 0.989433 0.107900 0.000000 0.000000 0.000000 1.000000
0.992288 -0.037680 -0.118085 0.030900 0.026821 0.995376 -0.092234 11.006600 0.121014 0.088355 0.988711 0.107900 0.000000 0.000000 0.000000 1.000000
0.991830 -0.035081 -0.122652 0.030900 0.023635 0.995333 -0.093560 11.006600 0.125362 0.089897 0.988030 0.107900 0.000000 0.000000 0.000000 1.000000
0.991682 -0.022940 -0.126649 0.030900 0.011036 0.995520 -0.093902 11.006600 0.128236 0.091723 0.987493 0.107900 0.000000 0.000000 0.000000 1.000000
0.991170 -0.005604 -0.132479 0.030900 -0.006896 0.995576 -0.093706 11.006600 0.132418 0.093792 0.986746 0.107900 0.000000 0.000000 0.000000 1.000000
0.990046 0.010398 -0.140362 0.030900 -0.023741 0.995315 -0.093725 11.006600 0.138730 0.096124 0.985654 0.107900 0.000000 0.000000 0.000000 1.000000
0.988664 0.018644 -0.148984 0.030900 -0.033043 0.994951 -0.094762 11.006600 0.146465 0.098611 0.984288 0.107900 0.000000 0.000000 0.000000 1.000000
0.988144 0.016168 -0.152679 0.030900 -0.031288 0.994778 -0.097152 11.006600 0.150311 0.100777 0.983489 0.107900 0.000000 0.000000 0.000000 1.000000
0.988907 0.004267 -0.148472 0.030900 -0.019410 0.994728 -0.100694 11.006600 0.147260 0.102459 0.983777 0.107900 0.000000 0.000000 0.000000 1.000000
0.989719 -0.013880 -0.142349 0.030900 -0.001136 0.994486 -0.104865 11.006600 0.143020 0.103949 0.984246 0.107900 0.000000 0.000000 0.000000 1.000000
0.990508 -0.030273 -0.134083 0.030900 0.015681 0.993965 -0.108574 11.006600 0.136560 0.105440 0.985004 0.107900 0.000000 0.000000 0.000000 1.000000
0.991635 -0.038976 -0.123051 0.030900 0.025252 0.993479 -0.111184 11.006600 0.126582 0.107147 0.986152 0.107900 0.000000 0.000000 0.000000 1.000000
0.993083 -0.043856 -0.108918 0.030900 0.031441 0.993075 -0.113193 11.006600 0.113128 0.108985 0.987585 0.107900 0.000000 0.000000 0.000000 1.000000
0.994233 -0.048779 -0.095507 0.030900 0.037719 0.992723 -0.114362 11.006600 0.100390 0.110100 0.988838 0.107900 0.000000 0.000000 0.000000 1.000000
0.995041 -0.053954 -0.083559 0.030900 0.044240 0.992492 -0.114030 11.006600 0.089084 0.109768 0.989957 0.107900 0.000000 0.000000 0.000000 1.000000
0.995540 -0.060035 -0.072767 0.030900 0.051659 0.992366 -0.111983 11.006600 0.078934 0.107725 0.991042 0.107900 0.000000 0.000000 0.000000 1.000000
0.995839 -0.066320 -0.062493 0.030900 0.059239 0.992268 -0.109061 11.006600 0.069242 0.104905 0.992069 0.107900 0.000000 0.000000 0.000000 1.000000
0.995974 -0.072319 -0.052971 0.030900 0.066418 0.992171 -0.105757 11.006600 0.060204 0.101813 0.992980 0.107900 0.000000 0.000000 0.000000 1.000000
0.995952 -0.078425 -0.043915 0.030900 0.073609 0.992036 -0.102208 11.006600 0.051580 0.098562 0.993793 0.107900 0.000000 0.000000 0.000000 1.000000
0.995739 -0.085010 -0.035739 0.030900 0.081136 0.991814 -0.098600 11.006600 0.043828 0.095280 0.994485 0.107900 0.000000 0.000000 0.000000 1.000000
0.995361 -0.092018 -0.028077 0.030900 0.088976 0.991482 -0.095113 11.006600 0.036590 0.092174 0.995070 0.107900 0.000000 0.000000 0.000000 1.000000
0.994844 -0.099194 -0.021106 0.030900 0.096863 0.991037 -0.092000 11.006600 0.030042 0.089482 0.995535 0.107900 0.000000 0.000000 0.000000 1.000000
0.994229 -0.106055 -0.016139 0.030900 0.104227 0.990589 -0.088710 11.006600 0.025396 0.086516 0.995927 0.107900 0.000000 0.000000 0.000000 1.000000
0.993594 -0.112162 -0.013820 0.030900 0.110587 0.990183 -0.085490 11.006600 0.023274 0.083414 0.996243 0.107900 0.000000 0.000000 0.000000 1.000000
0.993024 -0.117132 -0.013570 0.030900 0.115611 0.989788 -0.083390 11.006600 0.023199 0.081240 0.996425 0.107900 0.000000 0.000000 0.000000 1.000000
0.992592 -0.120667 -0.014177 0.030900 0.119113 0.989472 -0.082206 11.006600 0.023947 0.079908 0.996515 0.107900 0.000000 0.000000 0.000000 1.000000
0.992273 -0.123146 -0.015148 0.030900 0.121515 0.989206 -0.081891 11.006600 0.025069 0.079417 0.996526 0.107900 0.000000 0.000000 0.000000 1.000000
0.992048 -0.124834 -0.016054 0.030900 0.123102 0.988934 -0.082800 11.006600 0.026213 0.080165 0.996437 0.107900 0.000000 0.000000 0.000000 1.000000
0.991997 -0.125188 -0.016415 0.030900 0.123337 0.988620 -0.086128 11.006600 0.027010 0.083414 0.996149 0.107900 0.000000 0.000000 0.000000 1.000000
0.992149 -0.123950 -0.016604 0.030900 0.122009 0.988532 -0.088982 11.006600 0.027443 0.086258 0.995895 0.107900 0.000000 0.000000 0.000000 1.000000
0.992439 -0.121576 -0.016874 0.030900 0.119509 0.988469 -0.092982 11.006600 0.027984 0.090263 0.995525 0.107900 0.000000 0.000000 0.000000 1.000000
0.992925 -0.117432 -0.017574 0.030900 0.115192 0.988560 -0.097369 11.006600 0.028807 0.094656 0.995093 0.107900 0.000000 0.000000 0.000000 1.000000
0.993541 -0.111925 -0.018663 0.030900 0.109490 0.988814 -0.101286 11.006600 0.029790 0.098588 0.994682 0.107900 0.000000 0.000000 0.000000 1.000000
0.994193 -0.105766 -0.019828 0.030900 0.103137 0.989131 -0.104794 11.006600 0.030696 0.102140 0.994296 0.107900 0.000000 0.000000 0.000000 1.000000
0.994740 -0.100231 -0.021115 0.030900 0.097410 0.989411 -0.107593 11.006600 0.031676 0.104970 0.993971 0.107900 0.000000 0.000000 0.000000 1.000000
0.995053 -0.096809 -0.022317 0.030900 0.093773 0.989404 -0.110845 11.006600 0.032811 0.108204 0.993587 0.107900 0.000000 0.000000 0.000000 1.000000
0.995201 -0.095050 -0.023246 0.030900 0.091851 0.989342 -0.112988 11.006600 0.033737 0.110311 0.993324 0.107900 0.000000 0.000000 0.000000 1.000000
0.995414 -0.092540 -0.024253 0.030900 0.089189 0.989398 -0.114619 11.006600 0.034603 0.111930 0.993113 0.107900 0.000000 0.000000 0.000000 1.000000
0.995684 -0.089204 -0.025618 0.030900 0.085681 0.989584 -0.115684 11.006600 0.035670 0.112990 0.992956 0.107900 0.000000 0.000000 0.000000 1.000000
0.995948 -0.085816 -0.026901 0.030900 0.082179 0.989912 -0.115414 11.006600 0.036534 0.112735 0.992953 0.107900 0.000000 0.000000 0.000000 1.000000
0.996147 -0.083179 -0.027798 0.030900 0.079517 0.990318 -0.113786 11.006600 0.036993 0.111137 0.993116 0.107900 0.000000 0.000000 0.000000 1.000000
0.996483 -0.078866 -0.028315 0.030900 0.075219 0.990801 -0.112498 11.006600 0.036927 0.109973 0.993248 0.107900 0.000000 0.000000 0.000000 1.000000
0.996785 -0.074554 -0.029345 0.030900 0.070857 0.991235 -0.111503 11.006600 0.037401 0.109065 0.993331 0.107900 0.000000 0.000000 0.000000 1.000000
0.997021 -0.071077 -0.029959 0.030900 0.067370 0.991592 -0.110480 11.006600 0.037560 0.108133 0.993427 0.107900 0.000000 0.000000 0.000000 1.000000
0.997194 -0.068340 -0.030565 0.030900 0.064630 0.991912 -0.109242 11.006600 0.037783 0.106960 0.993545 0.107900 0.000000 0.000000 0.000000 1.000000
0.997316 -0.066249 -0.031185 0.030900 0.062586 0.992333 -0.106573 11.006600 0.038006 0.104335 0.993816 0.107900 0.000000 0.000000 0.000000 1.000000
0.997398 -0.064429 -0.032348 0.030900 0.060738 0.992678 -0.104412 11.006600 0.038839 0.102176 0.994008 0.107900 0.000000 0.000000 0.000000 1.000000
0.997429 -0.063094 -0.033990 0.030900 0.059305 0.992931 -0.102820 11.006600 0.040237 0.100540 0.994119 0.107900 0.000000 0.000000 0.000000 1.000000
0.997441 -0.061851 -0.035852 0.030900 0.057952 0.993182 -0.101144 11.006600 0.041863 0.098808 0.994226 0.107900 0.000000 0.000000 0.000000 1.000000
0.997443 -0.060671 -0.037778 0.030900 0.056633 0.993367 -0.100078 11.006600 0.043599 0.097683 0.994262 0.107900 0.000000 0.000000 0.000000 1.000000
0.997435 -0.059669 -0.039547 0.030900 0.055496 0.993506 -0.099326 11.006600 0.045217 0.096877 0.994269 0.107900 0.000000 0.000000 0.000000 1.000000
0.997408 -0.059191 -0.040913 0.030900 0.054922 0.993611 -0.098591 11.006600 0.046488 0.096088 0.994287 0.107900 0.000000 0.000000 0.000000 1.000000
0.997358 -0.059280 -0.041988 0.030900 0.054953 0.993705 -0.097621 11.006600 0.047511 0.095055 0.994338 0.107900 0.000000 0.000000 0.000000 1.000000
0.997272 -0.059998 -0.043001 0.030900 0.055609 0.993743 -0.096864 11.006600 0.048544 0.094209 0.994368 0.107900 0.000000 0.000000 0.000000 1.000000
0.997166 -0.061023 -0.043996 0.030900 0.056562 0.993738 -0.096363 11.006600 0.049601 0.093602 0.994373 0.107900 0.000000 0.000000 0.000000 1.000000
0.997076 -0.062048 -0.044602 0.030900 0.057546 0.993719 -0.095973 11.006600 0.050277 0.093126 0.994384 0.107900 0.000000 0.000000 0.000000 1.000000
0.997008 -0.062963 -0.044833 0.030900 0.058469 0.993728 -0.095322 11.006600 0.050554 0.092415 0.994436 0.107900 0.000000 0.000000 0.000000 1.000000</float_array><technique_common><accessor source="#Spine-Matrix-animation-output-transform-array" count="92" stride="16"><param type="float4x4"/></accessor></technique_common></source><source id="Spine-Interpolations"><Name_array id="Spine-Interpolations-array" count="92">
 LINEAR LINEAR LINEAR LINEAR LINEAR LINEAR LINEAR LINEAR LINEAR LINEAR LINEAR
LINEAR LINEAR LINEAR LINEAR LINEAR LINEAR LINEAR LINEAR LINEAR LINEAR LINEAR LINEAR
LINEAR LINEAR LINEAR LINEAR LINEAR LINEAR LINEAR LINEAR LINEAR LINEAR LINEAR LINEAR
LINEAR LINEAR LINEAR LINEAR LINEAR LINEAR LINEAR LINEAR LINEAR LINEAR LINEAR LINEAR
LINEAR LINEAR LINEAR LINEAR LINEAR LINEAR LINEAR LINEAR LINEAR LINEAR LINEAR LINEAR
LINEAR LINEAR LINEAR LINEAR LINEAR LINEAR LINEAR LINEAR LINEAR LINEAR LINEAR LINEAR
LINEAR LINEAR LINEAR LINEAR LINEAR LINEAR LINEAR LINEAR LINEAR LINEAR LINEAR LINEAR
LINEAR LINEAR LINEAR LINEAR LINEAR LINEAR LINEAR LINEAR LINEAR</Name_array><technique_common><accessor source="#Spine-Interpolations-array" count="92"><param type="name"/></accessor></technique_common></source><sampler id="Spine-Matrix-animation-transform"><input semantic="INPUT" source="#Spine-Matrix-animation-input"/><input semantic="OUTPUT" source="#Spine-Matrix-animation-output-transform"/><input semantic="INTERPOLATION" source="#Spine-Interpolations"/></sampler><channel source="#Spine-Matrix-animation-transform" target="Spine/matrix"/></animation>
    <animation id="Spine1-anim" name="Spine1"><source id="Spine1-Matrix-animation-input"><float_array id="Spine1-Matrix-animation-input-array" count="92">

0.000000 0.033333 0.066667 0.100000 0.133333 0.166667 0.200000 0.233333 0.266667 0.300000 0.333333 0.366667 0.400000 0.433333 0.466667 0.500000
0.533333 0.566667 0.600000 0.633333 0.666667 0.700000 0.733333 0.766667 0.800000 0.833333 0.866667 0.900000 0.933333 0.966667 1.000000 1.033333
1.066667 1.100000 1.133333 1.166667 1.200000 1.233333 1.266667 1.300000 1.333333 1.366667 1.400000 1.433333 1.466667 1.500000 1.533333 1.566667
1.600000 1.633333 1.666667 1.700000 1.733333 1.766667 1.800000 1.833333 1.866667 1.900000 1.933333 1.966667 2.000000 2.033333 2.066667 2.100000
2.133333 2.166667 2.200000 2.233333 2.266667 2.300000 2.333333 2.366667 2.400000 2.433333 2.466667 2.500000 2.533333 2.566667 2.600000 2.633333
2.666667 2.700000 2.733333 2.766667 2.800000 2.833333 2.866667 2.900000 2.933333 2.966667 3.000000 3.033333</float_array><technique_common><accessor source="#Spine1-Matrix-animation-input-array" count="92"><param name="TIME" type="float"/></accessor></technique_common></source><source id="Spine1-Matrix-animation-output-transform"><float_array id="Spine1-Matrix-animation-output-transform-array" count="1472">

0.998866 -0.040633 0.024803 0.037200 0.041160 0.998930 -0.021094 11.271000 -0.023919 0.022091 0.999470 0.102300 0.000000 0.000000 0.000000 1.000000
0.998755 -0.041617 0.027486 0.037200 0.042219 0.998873 -0.021691 11.271000 -0.026552 0.022825 0.999387 0.102300 0.000000 0.000000 0.000000 1.000000
0.998401 -0.043342 0.036297 0.037200 0.044141 0.998794 -0.021511 11.271000 -0.035321 0.023079 0.999110 0.102300 0.000000 0.000000 0.000000 1.000000
0.997658 -0.043977 0.052396 0.037200 0.044954 0.998834 -0.017617 11.271000 -0.051561 0.019931 0.998471 0.102300 0.000000 0.000000 0.000000 1.000000
0.996130 -0.042376 0.077001 0.037200 0.043053 0.999047 -0.007150 11.271000 -0.076624 0.010438 0.997005 0.102300 0.000000 0.000000 0.000000 1.000000
0.993428 -0.029779 0.110521 0.037200 0.028665 0.999521 0.011659 11.271000 -0.110816 -0.008414 0.993805 0.102300 0.000000 0.000000 0.000000 1.000000
0.988815 0.017824 0.148076 0.037200 -0.025920 0.998262 0.052926 11.271000 -0.146876 -0.056172 0.987559 0.102300 0.000000 0.000000 0.000000 1.000000
0.982978 0.060012 0.173645 0.037200 -0.072532 0.995135 0.066672 11.271000 -0.168799 -0.078132 0.982549 0.102300 0.000000 0.000000 0.000000 1.000000
0.982669 0.082941 0.165779 0.037200 -0.090764 0.995062 0.040173 11.271000 -0.161628 -0.054523 0.985344 0.102300 0.000000 0.000000 0.000000 1.000000
0.987613 0.084958 0.131921 0.037200 -0.087034 0.996155 0.010042 11.271000 -0.130560 -0.021400 0.991209 0.102300 0.000000 0.000000 0.000000 1.000000
0.991414 0.081491 0.102261 0.037200 -0.081500 0.996665 -0.004093 11.271000 -0.102254 -0.004276 0.994749 0.102300 0.000000 0.000000 0.000000 1.000000
0.993817 0.077492 0.079515 0.037200 -0.076726 0.996972 -0.012641 11.271000 -0.080254 0.006462 0.996754 0.102300 0.000000 0.000000 0.000000 1.000000
0.995356 0.065514 0.070533 0.037200 -0.063831 0.997626 -0.025854 11.271000 -0.072059 0.021232 0.997174 0.102300 0.000000 0.000000 0.000000 1.000000
0.997551 0.045200 0.053367 0.037200 -0.043267 0.998384 -0.036833 11.271000 -0.054945 0.034434 0.997895 0.102300 0.000000 0.000000 0.000000 1.000000
0.999221 0.020006 0.034024 0.037200 -0.018368 0.998687 -0.047816 11.271000 -0.034936 0.047154 0.998277 0.102300 0.000000 0.000000 0.000000 1.000000
0.999714 0.000936 0.023900 0.037200 0.000524 0.998138 -0.060999 11.271000 -0.023912 0.060995 0.997852 0.102300 0.000000 0.000000 0.000000 1.000000
0.999743 -0.012777 0.018742 0.037200 0.013952 0.997857 -0.063930 11.271000 -0.017885 0.064175 0.997778 0.102300 0.000000 0.000000 0.000000 1.000000
0.999685 -0.020271 0.014766 0.037200 0.021185 0.997682 -0.064662 11.271000 -0.013421 0.064955 0.997798 0.102300 0.000000 0.000000 0.000000 1.000000
0.999744 -0.019971 0.010663 0.037200 0.020589 0.997903 -0.061367 11.271000 -0.009415 0.061571 0.998058 0.102300 0.000000 0.000000 0.000000 1.000000
0.999899 -0.012518 0.006774 0.037200 0.012858 0.998529 -0.052678 11.271000 -0.006105 0.052760 0.998589 0.102300 0.000000 0.000000 0.000000 1.000000
0.999984 0.005450 0.001744 0.037200 -0.005368 0.999015 -0.044038 11.271000 -0.001982 0.044027 0.999028 0.102300 0.000000 0.000000 0.000000 1.000000
0.999925 0.012210 0.001103 0.037200 -0.012146 0.998865 -0.046060 11.271000 -0.001664 0.046043 0.998938 0.102300 0.000000 0.000000 0.000000 1.000000
0.999921 0.012222 0.002895 0.037200 -0.012036 0.998281 -0.057368 11.271000 -0.003592 0.057329 0.998349 0.102300 0.000000 0.000000 0.000000 1.000000
0.999940 0.009579 0.005296 0.037200 -0.009160 0.997201 -0.074206 11.271000 -0.005992 0.074154 0.997229 0.102300 0.000000 0.000000 0.000000 1.000000
0.999961 0.007427 0.004729 0.037200 -0.006941 0.995392 -0.095638 11.271000 -0.005418 0.095601 0.995405 0.102300 0.000000 0.000000 0.000000 1.000000
0.999909 0.013385 -0.001537 0.037200 -0.013472 0.991820 -0.126932 11.271000 -0.000175 0.126941 0.991910 0.102300 0.000000 0.000000 0.000000 1.000000
0.999509 0.027954 -0.014127 0.037200 -0.029281 0.994075 -0.104678 11.271000 0.011117 0.105040 0.994406 0.102300 0.000000 0.000000 0.000000 1.000000
0.998630 0.041075 -0.032409 0.037200 -0.043877 0.994872 -0.091126 11.271000 0.028499 0.092423 0.995312 0.102300 0.000000 0.000000 0.000000 1.000000
0.997325 0.047698 -0.055386 0.037200 -0.054640 0.989813 -0.131473 11.271000 0.048551 0.134147 0.989771 0.102300 0.000000 0.000000 0.000000 1.000000
0.995738 0.045415 -0.080274 0.037200 -0.058643 0.983526 -0.170989 11.271000 0.071186 0.174968 0.981997 0.102300 0.000000 0.000000 0.000000 1.000000
0.994172 0.025340 -0.104782 0.037200 -0.043481 0.983668 -0.174662 11.271000 0.098645 0.178200 0.979037 0.102300 0.000000 0.000000 0.000000 1.000000
0.991458 -0.011051 -0.129958 0.037200 -0.012185 0.984199 -0.176647 11.271000 0.129856 0.176722 0.975657 0.102300 0.000000 0.000000 0.000000 1.000000
0.986600 -0.031417 -0.160105 0.037200 0.002557 0.984143 -0.177359 11.271000 0.163138 0.174573 0.971036 0.102300 0.000000 0.000000 0.000000 1.000000
0.980508 -0.044421 -0.191392 0.037200 0.009845 0.983991 -0.177946 11.271000 0.196232 0.172594 0.965248 0.102300 0.000000 0.000000 0.000000 1.000000
