<?xml version="1.0" encoding="utf-8"?>
<COLLADA xmlns="http://www.collada.org/2005/11/COLLADASchema" version="1.4.1">
  <asset><contributor><author>Mixamo</author><authoring_tool>COLLADA Mixamo exporter</authoring_tool><comments></comments></contributor><created>2021-01-27T16:15:13Z</created><modified>2021-01-27T16:15:13Z</modified><revision></revision><title></title><unit meter="0.010000"/><up_axis>Y_UP</up_axis></asset>
  <library_animations>
    <animation id="Hips-anim" name="Hips"><source id="Hips-Matrix-animation-input"><float_array id="Hips-Matrix-animation-input-array" count="49">

0.000000 0.033333 0.066667 0.100000 0.133333 0.166667 0.200000 0.233333 0.266667 0.300000 0.333333 0.366667 0.400000 0.433333 0.466667 0.500000
0.533333 0.566667 0.600000 0.633333 0.666667 0.700000 0.733333 0.766667 0.800000 0.833333 0.866667 0.900000 0.933333 0.966667 1.000000 1.033333
1.066667 1.100000 1.133333 1.166667 1.200000 1.233333 1.266667 1.300000 1.333333 1.366667 1.400000 1.433333 1.466667 1.500000 1.533333 1.566667
1.600000</float_array><technique_common><accessor source="#Hips-Matrix-animation-input-array" count="49"><param name="TIME" type="float"/></accessor></technique_common></source><source id="Hips-Matrix-animation-output-transform"><float_array id="Hips-Matrix-animation-output-transform-array" count="784">

0.636913 -0.128235 -0.760196 0.671779 0.042241 0.990393 -0.131675 94.423599 0.769778 0.051754 0.636211 -0.384028 0.000000 0.000000 0.000000 1.000000
0.664119 -0.099128 -0.741026 -0.033230 0.038594 0.994395 -0.098432 94.119911 0.746630 0.036771 0.664222 0.146813 0.000000 0.000000 0.000000 1.000000
0.701378 -0.083903 -0.707834 -0.227326 0.030748 0.995685 -0.087556 94.181198 0.712126 0.039646 0.700932 0.251893 0.000000 0.000000 0.000000 1.000000
0.744753 -0.115685 -0.657236 0.536404 0.003659 0.985553 -0.169328 94.888351 0.667330 0.123703 0.734417 -0.411377 0.000000 0.000000 0.000000 1.000000
0.778653 -0.207005 -0.592325 2.045661 0.007055 0.946841 -0.321626 95.856110 0.627416 0.246256 0.738720 -1.778615 0.000000 0.000000 0.000000 1.000000
0.791892 -0.283077 -0.541087 3.876297 0.028010 0.901972 -0.430886 97.171768 0.610019 0.326059 0.722193 -3.452072 0.000000 0.000000 0.000000 1.000000
0.774462 -0.323777 -0.543485 5.181048 0.031372 0.877702 -0.478180 98.991402 0.631842 0.353282 0.689904 -4.363394 0.000000 0.000000 0.000000 1.000000
0.739605 -0.347290 -0.576519 5.710440 0.003862 0.858764 -0.512358 99.992798 0.673030 0.376716 0.636487 -4.376153 0.000000 0.000000 0.000000 1.000000
0.710213 -0.301390 -0.636209 6.146351 -0.043685 0.883113 -0.467122 100.076927 0.702630 0.359548 0.614032 -4.069249 0.000000 0.000000 0.000000 1.000000
0.690515 -0.282961 -0.665674 6.676394 -0.040988 0.903520 -0.426581 99.332520 0.722156 0.321845 0.612296 -4.115520 0.000000 0.000000 0.000000 1.000000
0.674359 -0.279061 -0.683641 6.884848 -0.013982 0.920845 -0.389678 98.799408 0.738272 0.272341 0.617078 -4.432711 0.000000 0.000000 0.000000 1.000000
0.666609 -0.270864 -0.694453 7.032508 -0.022220 0.924007 -0.381729 98.163773 0.745077 0.269894 0.609933 -4.588247 0.000000 0.000000 0.000000 1.000000
0.662297 -0.254516 -0.704688 7.241937 -0.030410 0.930628 -0.364701 97.658203 0.748624 0.262970 0.608612 -4.782121 0.000000 0.000000 0.000000 1.000000
0.656444 -0.246789 -0.712865 7.502933 -0.025961 0.937025 -0.348297 97.166199 0.753928 0.247144 0.608698 -5.230840 0.000000 0.000000 0.000000 1.000000
0.657059 -0.245553 -0.712725 7.621507 -0.024064 0.938147 -0.345401 96.589828 0.753455 0.244100 0.610509 -5.818439 0.000000 0.000000 0.000000 1.000000
0.669436 -0.236082 -0.704359 7.633841 -0.023359 0.941000 -0.337599 96.183212 0.742503 0.242454 0.624424 -6.584051 0.000000 0.000000 0.000000 1.000000
0.675433 -0.228350 -0.701175 7.693032 -0.018320 0.945358 -0.325520 95.979385 0.737193 0.232713 0.634343 -7.300603 0.000000 0.000000 0.000000 1.000000
0.676868 -0.226950 -0.700246 7.675111 -0.010306 0.948270 -0.317296 95.835648 0.736033 0.221984 0.639515 -7.859618 0.000000 0.000000 0.000000 1.000000
0.682025 -0.220352 -0.697342 7.510764 -0.001005 0.953245 -0.302197 95.619492 0.731328 0.206807 0.649916 -8.425433 0.000000 0.000000 0.000000 1.000000
0.683190 -0.213622 -0.698296 7.368031 0.008401 0.958490 -0.285002 95.487053 0.730193 0.188844 0.656625 -8.954552 0.000000 0.000000 0.000000 1.000000
0.682718 -0.207700 -0.700540 7.252524 0.016241 0.962825 -0.269636 95.488770 0.730501 0.172708 0.660712 -9.326273 0.000000 0.000000 0.000000 1.000000
0.684435 -0.201854 -0.700574 7.142695 0.022643 0.966331 -0.256305 95.566566 0.728722 0.159561 0.665961 -9.577975 0.000000 0.000000 0.000000 1.000000
0.683961 -0.197635 -0.702237 7.051289 0.027159 0.968835 -0.246214 95.754272 0.729013 0.149329 0.668013 -9.698249 0.000000 0.000000 0.000000 1.000000
0.679805 -0.196231 -0.706653 6.963573 0.032038 0.970566 -0.238696 96.073402 0.732693 0.139627 0.666082 -9.681831 0.000000 0.000000 0.000000 1.000000
0.678123 -0.195163 -0.708562 6.922579 0.036636 0.971876 -0.232626 96.478035 0.734035 0.131790 0.666201 -9.514509 0.000000 0.000000 0.000000 1.000000
0.679651 -0.191239 -0.708169 6.932775 0.037268 0.973173 -0.227035 96.893402 0.732589 0.127913 0.668545 -9.181519 0.000000 0.000000 0.000000 1.000000
0.681215 -0.187200 -0.707744 6.979439 0.036063 0.974161 -0.222956 97.260742 0.731194 0.126358 0.670364 -8.705862 0.000000 0.000000 0.000000 1.000000
0.682419 -0.182727 -0.707753 7.063154 0.033866 0.975115 -0.219099 97.565254 0.730176 0.125549 0.671625 -8.103533 0.000000 0.000000 0.000000 1.000000
0.684196 -0.177355 -0.707404 7.201269 0.030197 0.976037 -0.215499 97.762871 0.728672 0.126082 0.673157 -7.372316 0.000000 0.000000 0.000000 1.000000
0.685257 -0.171175 -0.707900 7.347113 0.025735 0.977071 -0.211351 97.898415 0.727847 0.126612 0.673950 -6.540627 0.000000 0.000000 0.000000 1.000000
0.684973 -0.166494 -0.709289 7.488174 0.022177 0.977852 -0.208118 97.970932 0.728231 0.126825 0.673495 -5.617116 0.000000 0.000000 0.000000 1.000000
0.684336 -0.160443 -0.711296 7.600348 0.017595 0.978841 -0.203863 98.008598 0.728955 0.126996 0.672679 -4.644859 0.000000 0.000000 0.000000 1.000000
0.684610 -0.144897 -0.714363 7.661580 0.007445 0.981382 -0.191922 98.118835 0.728872 0.126073 0.672942 -3.684707 0.000000 0.000000 0.000000 1.000000
0.684696 -0.137201 -0.715799 7.683935 0.001569 0.982396 -0.186801 98.204254 0.728828 0.126779 0.672858 -2.714850 0.000000 0.000000 0.000000 1.000000
0.684720 -0.132250 -0.716707 7.636531 -0.002358 0.982991 -0.183639 98.198204 0.728803 0.127431 0.672762 -1.845823 0.000000 0.000000 0.000000 1.000000
0.682625 -0.128304 -0.719417 7.496674 -0.003774 0.983834 -0.179042 98.179779 0.730759 0.124934 0.671106 -1.113168 0.000000 0.000000 0.000000 1.000000
0.677793 -0.123597 -0.724790 7.219971 -0.004626 0.985033 -0.172302 98.133934 0.735239 0.120138 0.667077 -0.509799 0.000000 0.000000 0.000000 1.000000
0.671755 -0.119402 -0.731087 6.821970 -0.003759 0.986362 -0.164547 98.057625 0.740764 0.113284 0.662145 -0.051466 0.000000 0.000000 0.000000 1.000000
0.666080 -0.118075 -0.736475 6.264260 -0.001021 0.987245 -0.159203 97.937256 0.745879 0.106793 0.657464 0.254032 0.000000 0.000000 0.000000 1.000000
0.659970 -0.120457 -0.741573 5.588189 0.004415 0.987668 -0.156503 97.798820 0.751279 0.100013 0.652362 0.412166 0.000000 0.000000 0.000000 1.000000
0.651125 -0.125076 -0.748594 4.943766 0.009469 0.987589 -0.156772 97.510498 0.758911 0.094990 0.644228 0.403434 0.000000 0.000000 0.000000 1.000000
0.641149 -0.130882 -0.756174 4.338443 0.012924 0.987051 -0.159885 97.162888 0.767308 0.092738 0.634538 0.324535 0.000000 0.000000 0.000000 1.000000
0.636840 -0.133755 -0.759305 3.618348 0.015466 0.986855 -0.160868 96.776871 0.770841 0.090703 0.630538 0.232365 0.000000 0.000000 0.000000 1.000000
0.636263 -0.133778 -0.759784 2.902482 0.019551 0.987330 -0.157471 96.340157 0.771224 0.085338 0.630818 0.092307 0.000000 0.000000 0.000000 1.000000
0.633934 -0.133332 -0.761807 2.278563 0.024869 0.988032 -0.152231 95.883286 0.772987 0.077559 0.629663 -0.051300 0.000000 0.000000 0.000000 1.000000
0.632890 -0.130136 -0.763227 1.710280 0.029708 0.989129 -0.144019 95.415901 0.773672 0.068474 0.629876 -0.159320 0.000000 0.000000 0.000000 1.000000
0.634486 -0.126569 -0.762501 1.243801 0.033590 0.990085 -0.136396 95.012222 0.772204 0.060929 0.632446 -0.231269 0.000000 0.000000 0.000000 1.000000
0.635417 -0.125917 -0.761833 0.889230 0.037869 0.990509 -0.132128 94.694824 0.771240 0.055107 0.634155 -0.305236 0.000000 0.000000 0.000000 1.000000
0.636913 -0.128235 -0.760196 0.671784 0.042241 0.990393 -0.131675 94.423569 0.769778 0.051754 0.636211 -0.384017 0.000000 0.000000 0.000000 1.000000</float_array><technique_common><accessor source="#Hips-Matrix-animation-output-transform-array" count="49" stride="16"><param type="float4x4"/></accessor></technique_common></source><source id="Hips-Interpolations"><Name_array id="Hips-Interpolations-array" count="49">
 LINEAR LINEAR LINEAR LINEAR LINEAR LINEAR LINEAR LINEAR LINEAR LINEAR LINEAR
LINEAR LINEAR LINEAR LINEAR LINEAR LINEAR LINEAR LINEAR LINEAR LINEAR LINEAR LINEAR
LINEAR LINEAR LINEAR LINEAR LINEAR LINEAR LINEAR LINEAR LINEAR LINEAR LINEAR LINEAR
LINEAR LINEAR LINEAR LINEAR LINEAR LINEAR LINEAR LINEAR LINEAR LINEAR LINEAR LINEAR
LINEAR LINEAR</Name_array><technique_common><accessor source="#Hips-Interpolations-array" count="49"><param type="name"/></accessor></technique_common></source><sampler id="Hips-Matrix-animation-transform"><input semantic="INPUT" source="#Hips-Matrix-animation-input"/><input semantic="OUTPUT" source="#Hips-Matrix-animation-output-transform"/><input semantic="INTERPOLATION" source="#Hips-Interpolations"/></sampler><channel source="#Hips-Matrix-animation-transform" target="Hips/matrix"/></animation>
    <animation id="Spine-anim" name="Spine"><source id="Spine-Matrix-animation-input"><float_array id="Spine-Matrix-animation-input-array" count="49">

0.000000 0.033333 0.066667 0.100000 0.133333 0.166667 0.200000 0.233333 0.266667 0.300000 0.333333 0.366667 0.400000 0.433333 0.466667 0.500000
0.533333 0.566667 0.600000 0.633333 0.666667 0.700000 0.733333 0.766667 0.800000 0.833333 0.866667 0.900000 0.933333 0.966667 1.000000 1.033333
1.066667 1.100000 1.133333 1.166667 1.200000 1.233333 1.266667 1.300000 1.333333 1.366667 1.400000 1.433333 1.466667 1.500000 1.533333 1.566667
1.600000</float_array><technique_common><accessor source="#Spine-Matrix-animation-input-array" count="49"><param name="TIME" type="float"/></accessor></technique_common></source><source id="Spine-Matrix-animation-output-transform"><float_array id="Spine-Matrix-animation-output-transform-array" count="784">

0.998099 0.037340 0.049034 0.030900 -0.027370 0.981363 -0.190202 11.006600 -0.055222 0.188498 0.980520 0.107900 0.000000 0.000000 0.000000 1.000000
0.998136 0.039452 0.046552 0.030900 -0.029835 0.981003 -0.191684 11.006600 -0.053230 0.189938 0.980352 0.107900 0.000000 0.000000 0.000000 1.000000
0.998793 0.032890 0.036488 0.030900 -0.025488 0.981947 -0.187429 11.006600 -0.041994 0.186273 0.981600 0.107900 0.000000 0.000000 0.000000 1.000000
0.999578 0.014877 0.024948 0.030900 -0.010450 0.985563 -0.168989 11.006600 -0.027101 0.168657 0.985302 0.107900 0.000000 0.000000 0.000000 1.000000
0.999977 0.002846 0.006104 0.030900 -0.001836 0.987202 -0.159466 11.006600 -0.006480 0.159451 0.987185 0.107900 0.000000 0.000000 0.000000 1.000000
0.999824 -0.001102 -0.018733 0.030900 -0.002368 0.982884 -0.184213 11.006600 0.018616 0.184225 0.982708 0.107900 0.000000 0.000000 0.000000 1.000000
0.999112 -0.000050 -0.042124 0.030900 -0.009383 0.974611 -0.223707 11.006600 0.041065 0.223903 0.973746 0.107900 0.000000 0.000000 0.000000 1.000000
0.998513 0.004000 -0.054365 0.030900 -0.017164 0.969648 -0.243900 11.006600 0.051740 0.244470 0.968275 0.107900 0.000000 0.000000 0.000000 1.000000
0.998335 0.019160 -0.054413 0.030900 -0.033208 0.962152 -0.270482 11.006600 0.047172 0.271839 0.961186 0.107900 0.000000 0.000000 0.000000 1.000000
0.997980 0.032409 -0.054640 0.030900 -0.046288 0.960040 -0.276008 11.006600 0.043511 0.277979 0.959601 0.107900 0.000000 0.000000 0.000000 1.000000
0.997892 0.041845 -0.049609 0.030900 -0.054318 0.956828 -0.285534 11.006600 0.035519 0.287627 0.957084 0.107900 0.000000 0.000000 0.000000 1.000000
0.998267 0.040150 -0.043016 0.030900 -0.051193 0.953042 -0.298481 11.006600 0.029012 0.300166 0.953446 0.107900 0.000000 0.000000 0.000000 1.000000
0.998074 0.042628 -0.045059 0.030900 -0.054482 0.949719 -0.308327 11.006600 0.029650 0.310188 0.950213 0.107900 0.000000 0.000000 0.000000 1.000000
0.997728 0.047027 -0.048251 0.030900 -0.059855 0.947446 -0.314266 11.006600 0.030936 0.316440 0.948108 0.107900 0.000000 0.000000 0.000000 1.000000
0.997756 0.046853 -0.047832 0.030900 -0.059590 0.947123 -0.315289 11.006600 0.030530 0.317432 0.947789 0.107900 0.000000 0.000000 0.000000 1.000000
0.997970 0.043285 -0.046715 0.030900 -0.055890 0.946915 -0.316589 11.006600 0.030532 0.318557 0.947412 0.107900 0.000000 0.000000 0.000000 1.000000
0.998070 0.042155 -0.045606 0.030900 -0.054499 0.946624 -0.317699 11.006600 0.029779 0.319572 0.947094 0.107900 0.000000 0.000000 0.000000 1.000000
0.998105 0.042081 -0.044894 0.030900 -0.054192 0.946736 -0.317417 11.006600 0.029146 0.319248 0.947223 0.107900 0.000000 0.000000 0.000000 1.000000
0.998101 0.041668 -0.045372 0.030900 -0.053961 0.946669 -0.317658 11.006600 0.029716 0.319503 0.947119 0.107900 0.000000 0.000000 0.000000 1.000000
0.998082 0.042377 -0.045125 0.030900 -0.054545 0.946736 -0.317357 11.006600 0.029273 0.319210 0.947232 0.107900 0.000000 0.000000 0.000000 1.000000
0.998071 0.043129 -0.044648 0.030900 -0.055083 0.946953 -0.316617 11.006600 0.028624 0.318466 0.947502 0.107900 0.000000 0.000000 0.000000 1.000000
0.998094 0.042651 -0.044607 0.030900 -0.054562 0.947582 -0.314819 11.006600 0.028841 0.316653 0.948103 0.107900 0.000000 0.000000 0.000000 1.000000
0.998163 0.041747 -0.043901 0.030900 -0.053397 0.948564 -0.312051 11.006600 0.028615 0.313822 0.949050 0.107900 0.000000 0.000000 0.000000 1.000000
0.998241 0.041551 -0.042290 0.030900 -0.052626 0.949508 -0.309299 11.006600 0.027303 0.310980 0.950024 0.107900 0.000000 0.000000 0.000000 1.000000
0.998290 0.041934 -0.040737 0.030900 -0.052421 0.950543 -0.306137 11.006600 0.025885 0.307749 0.951115 0.107900 0.000000 0.000000 0.000000 1.000000
0.998336 0.042810 -0.038622 0.030900 -0.052504 0.951818 -0.302135 11.006600 0.023826 0.303660 0.952482 0.107900 0.000000 0.000000 0.000000 1.000000
0.998446 0.043061 -0.035375 0.030900 -0.051652 0.953370 -0.297352 11.006600 0.020921 0.298717 0.954112 0.107900 0.000000 0.000000 0.000000 1.000000
0.998599 0.042736 -0.031200 0.030900 -0.049993 0.955190 -0.291741 11.006600 0.017335 0.292892 0.955988 0.107900 0.000000 0.000000 0.000000 1.000000
0.998721 0.042863 -0.026798 0.030900 -0.048741 0.957097 -0.285639 11.006600 0.013405 0.286580 0.957963 0.107900 0.000000 0.000000 0.000000 1.000000
0.998851 0.042902 -0.021359 0.030900 -0.047166 0.959010 -0.279419 11.006600 0.008496 0.280105 0.959932 0.107900 0.000000 0.000000 0.000000 1.000000
0.998981 0.042439 -0.015389 0.030900 -0.045025 0.961343 -0.271647 11.006600 0.003266 0.272063 0.962274 0.107900 0.000000 0.000000 0.000000 1.000000
0.999052 0.042567 -0.009114 0.030900 -0.043462 0.963453 -0.264329 11.006600 -0.002470 0.264475 0.964389 0.107900 0.000000 0.000000 0.000000 1.000000
0.999096 0.042413 -0.002791 0.030900 -0.041690 0.965055 -0.258711 11.006600 -0.008280 0.258594 0.965951 0.107900 0.000000 0.000000 0.000000 1.000000
0.999103 0.042237 0.003177 0.030900 -0.040086 0.967107 -0.251191 11.006600 -0.013682 0.250838 0.967932 0.107900 0.000000 0.000000 0.000000 1.000000
0.999091 0.041685 0.008970 0.030900 -0.038263 0.969328 -0.242774 11.006600 -0.018815 0.242210 0.970041 0.107900 0.000000 0.000000 0.000000 1.000000
0.999033 0.041424 0.014705 0.030900 -0.036827 0.971412 -0.234524 11.006600 -0.023999 0.233756 0.971999 0.107900 0.000000 0.000000 0.000000 1.000000
0.998928 0.041511 0.020493 0.030900 -0.035785 0.973226 -0.227047 11.006600 -0.029370 0.226070 0.973668 0.107900 0.000000 0.000000 0.000000 1.000000
0.998788 0.042068 0.025562 0.030900 -0.035408 0.974718 -0.220617 11.006600 -0.034197 0.219444 0.975026 0.107900 0.000000 0.000000 0.000000 1.000000
0.998641 0.042653 0.029960 0.030900 -0.035271 0.976180 -0.214076 11.006600 -0.038377 0.212728 0.976357 0.107900 0.000000 0.000000 0.000000 1.000000
0.998471 0.043316 0.034329 0.030900 -0.035289 0.977662 -0.207198 11.006600 -0.042537 0.205670 0.977697 0.107900 0.000000 0.000000 0.000000 1.000000
0.998244 0.044391 0.039213 0.030900 -0.035637 0.978940 -0.201014 11.006600 -0.047311 0.199263 0.978803 0.107900 0.000000 0.000000 0.000000 1.000000
0.998045 0.044796 0.043580 0.030900 -0.035412 0.979911 -0.196266 11.006600 -0.051496 0.194339 0.979582 0.107900 0.000000 0.000000 0.000000 1.000000
0.997965 0.044077 0.046075 0.030900 -0.034385 0.980545 -0.193261 11.006600 -0.053697 0.191284 0.980065 0.107900 0.000000 0.000000 0.000000 1.000000
0.997927 0.043043 0.047844 0.030900 -0.033167 0.981062 -0.190833 11.006600 -0.055152 0.188851 0.980456 0.107900 0.000000 0.000000 0.000000 1.000000
0.997854 0.042604 0.049722 0.030900 -0.032494 0.981465 -0.188867 11.006600 -0.056847 0.186846 0.980743 0.107900 0.000000 0.000000 0.000000 1.000000
0.997828 0.041738 0.050966 0.030900 -0.031461 0.981668 -0.187984 11.006600 -0.057878 0.185972 0.980849 0.107900 0.000000 0.000000 0.000000 1.000000
0.997873 0.040298 0.051244 0.030900 -0.029979 0.981675 -0.188190 11.006600 -0.057889 0.186253 0.980795 0.107900 0.000000 0.000000 0.000000 1.000000
0.997960 0.038706 0.050774 0.030900 -0.028460 0.981584 -0.188902 11.006600 -0.057150 0.187071 0.980683 0.107900 0.000000 0.000000 0.000000 1.000000
0.998099 0.037340 0.049034 0.030900 -0.027370 0.981363 -0.190202 11.006600 -0.055222 0.188498 0.980520 0.107900 0.000000 0.000000 0.000000 1.000000</float_array><technique_common><accessor source="#Spine-Matrix-animation-output-transform-array" count="49" stride="16"><param type="float4x4"/></accessor></technique_common></source><source id="Spine-Interpolations"><Name_array id="Spine-Interpolations-array" count="49">
 LINEAR LINEAR LINEAR LINEAR LINEAR LINEAR LINEAR LINEAR LINEAR LINEAR LINEAR
LINEAR LINEAR LINEAR LINEAR LINEAR LINEAR LINEAR LINEAR LINEAR LINEAR LINEAR LINEAR
LINEAR LINEAR LINEAR LINEAR LINEAR LINEAR LINEAR LINEAR LINEAR LINEAR LINEAR LINEAR
LINEAR LINEAR LINEAR LINEAR LINEAR LINEAR LINEAR LINEAR LINEAR LINEAR LINEAR LINEAR
LINEAR LINEAR</Name_array><technique_common><accessor source="#Spine-Interpolations-array" count="49"><param type="name"/></accessor></technique_common></source><sampler id="Spine-Matrix-animation-transform"><input semantic="INPUT" source="#Spine-Matrix-animation-input"/><input semantic="OUTPUT" source="#Spine-Matrix-animation-output-transform"/><input semantic="INTERPOLATION" source="#Spine-Interpolations"/></sampler><channel source="#Spine-Matrix-animation-transform" target="Spine/matrix"/></animation>
    <animation id="Spine1-anim" name="Spine1"><source id="Spine1-Matrix-animation-input"><float_array id="Spine1-Matrix-animation-input-array" count="49">

0.000000 0.033333 0.066667 0.100000 0.133333 0.166667 0.200000 0.233333 0.266667 0.300000 0.333333 0.366667 0.400000 0.433333 0.466667 0.500000
0.533333 0.566667 0.600000 0.633333 0.666667 0.700000 0.733333 0.766667 0.800000 0.833333 0.866667 0.900000 0.933333 0.966667 1.000000 1.033333
1.066667 1.100000 1.133333 1.166667 1.200000 1.233333 1.266667 1.300000 1.333333 1.366667 1.400000 1.433333 1.466667 1.500000 1.533333 1.566667
1.600000</float_array><technique_common><accessor source="#Spine1-Matrix-animation-input-array" count="49"><param name="TIME" type="float"/></accessor></technique_common></source><source id="Spine1-Matrix-animation-output-transform"><float_array id="Spine1-Matrix-animation-output-transform-array" count="784">

0.992503 0.074360 0.097002 0.037200 -0.064009 0.992328 -0.105775 11.271000 -0.104123 0.098773 0.989648 0.102300 0.000000 0.000000 0.000000 1.000000
0.994241 0.066028 0.084413 0.037200 -0.056636 0.992406 -0.109193 11.271000 -0.090982 0.103783 0.990430 0.102300 0.000000 0.000000 0.000000 1.000000
0.996868 0.048635 0.062354 0.037200 -0.042161 0.993968 -0.101245 11.271000 -0.066901 0.098299 0.992906 0.102300 0.000000 0.000000 0.000000 1.000000
0.999026 0.013646 0.041969 0.037200 -0.010945 0.997894 -0.063931 11.271000 -0.042753 0.063410 0.997071 0.102300 0.000000 0.000000 0.000000 1.000000
0.999936 -0.006147 0.009450 0.037200 0.006563 0.998982 -0.044637 11.271000 -0.009166 0.044696 0.998959 0.102300 0.000000 0.000000 0.000000 1.000000
0.999363 -0.009736 -0.034323 0.037200 0.006463 0.995531 -0.094209 11.271000 0.035087 0.093928 0.994961 0.102300 0.000000 0.000000 0.000000 1.000000
0.997026 -0.006407 -0.076799 0.037200 -0.006996 0.984898 -0.172994 11.271000 0.076748 0.173017 0.981924 0.102300 0.000000 0.000000 0.000000 1.000000
0.994906 -0.000979 -0.100804 0.037200 -0.020602 0.976874 -0.212820 11.271000 0.098681 0.213812 0.971878 0.102300 0.000000 0.000000 0.000000 1.000000
0.994244 0.026272 -0.103869 0.037200 -0.053156 0.962697 -0.265310 11.271000 0.093024 0.269304 0.958552 0.102300 0.000000 0.000000 0.000000 1.000000
0.992883 0.052385 -0.106951 0.037200 -0.080224 0.957927 -0.275573 11.271000 0.088016 0.282192 0.955312 0.102300 0.000000 0.000000 0.000000 1.000000
0.992484 0.071554 -0.099272 0.037200 -0.097966 0.950721 -0.294164 11.271000 0.073332 0.301679 0.950585 0.102300 0.000000 0.000000 0.000000 1.000000
0.993913 0.068548 -0.086250 0.037200 -0.092811 0.942781 -0.320234 11.271000 0.059363 0.326290 0.943404 0.102300 0.000000 0.000000 0.000000 1.000000
0.993218 0.072458 -0.090926 0.037200 -0.099317 0.935349 -0.339497 11.271000 0.060448 0.346225 0.936202 0.102300 0.000000 0.000000 0.000000 1.000000
0.991937 0.080150 -0.098173 0.037200 -0.109864 0.929978 -0.350815 11.271000 0.063181 0.358772 0.931285 0.102300 0.000000 0.000000 0.000000 1.000000
0.992091 0.079613 -0.097043 0.037200 -0.109092 0.929280 -0.352900 11.271000 0.062085 0.360696 0.930615 0.102300 0.000000 0.000000 0.000000 1.000000
0.992966 0.072305 -0.093754 0.037200 -0.101241 0.929089 -0.355730 11.271000 0.061385 0.362719 0.929875 0.102300 0.000000 0.000000 0.000000 1.000000
0.993388 0.069898 -0.091078 0.037200 -0.098162 0.928525 -0.358057 11.271000 0.059541 0.364630 0.929247 0.102300 0.000000 0.000000 0.000000 1.000000
0.993550 0.069688 -0.089459 0.037200 -0.097342 0.928802 -0.357564 11.271000 0.058172 0.363965 0.929594 0.102300 0.000000 0.000000 0.000000 1.000000
0.993565 0.068495 -0.090205 0.037200 -0.096532 0.928694 -0.358063 11.271000 0.059248 0.364466 0.929330 0.102300 0.000000 0.000000 0.000000 1.000000
0.993522 0.069689 -0.089767 0.037200 -0.097449 0.928832 -0.357457 11.271000 0.058467 0.363889 0.929605 0.102300 0.000000 0.000000 0.000000 1.000000
0.993497 0.071092 -0.088932 0.037200 -0.098365 0.929294 -0.356001 11.271000 0.057335 0.362434 0.930244 0.102300 0.000000 0.000000 0.000000 1.000000
0.993587 0.070068 -0.088744 0.037200 -0.097122 0.930757 -0.352503 11.271000 0.057900 0.358861 0.931594 0.102300 0.000000 0.000000 0.000000 1.000000
0.993842 0.068423 -0.087155 0.037200 -0.094678 0.933025 -0.347133 11.271000 0.057566 0.353247 0.933757 0.102300 0.000000 0.000000 0.000000 1.000000
0.994119 0.068330 -0.084020 0.037200 -0.093164 0.935148 -0.341787 11.271000 0.055217 0.347604 0.936014 0.102300 0.000000 0.000000 0.000000 1.000000
0.994307 0.068535 -0.081587 0.037200 -0.092159 0.937467 -0.335653 11.271000 0.053481 0.341261 0.938446 0.102300 0.000000 0.000000 0.000000 1.000000
0.994529 0.068648 -0.078737 0.037200 -0.090869 0.940318 -0.327942 11.271000 0.051525 0.333302 0.941411 0.102300 0.000000 0.000000 0.000000 1.000000
0.995007 0.067009 -0.073970 0.037200 -0.087260 0.943800 -0.318789 11.271000 0.048451 0.323652 0.944935 0.102300 0.000000 0.000000 0.000000 1.000000
0.995646 0.064447 -0.067345 0.037200 -0.082189 0.947796 -0.308104 11.271000 0.043973 0.312298 0.948966 0.102300 0.000000 0.000000 0.000000 1.000000
0.996189 0.062970 -0.060355 0.037200 -0.078128 0.951848 -0.296449 11.271000 0.038782 0.300035 0.953140 0.102300 0.000000 0.000000 0.000000 1.000000
0.996781 0.061623 -0.051283 0.037200 -0.073732 0.955812 -0.284584 11.271000 0.031480 0.287449 0.957278 0.102300 0.000000 0.000000 0.000000 1.000000
0.997379 0.059594 -0.041028 0.037200 -0.068483 0.960529 -0.269620 11.271000 0.023340 0.271723 0.962092 0.102300 0.000000 0.000000 0.000000 1.000000
0.997808 0.058909 -0.030144 0.037200 -0.064669 0.964648 -0.255482 11.271000 0.014028 0.256872 0.966344 0.102300 0.000000 0.000000 0.000000 1.000000
0.998156 0.057654 -0.018986 0.037200 -0.060549 0.967708 -0.244695 11.271000 0.004265 0.245394 0.969414 0.102300 0.000000 0.000000 0.000000 1.000000
0.998358 0.056675 -0.008345 0.037200 -0.057074 0.971517 -0.229993 11.271000 -0.004928 0.230092 0.973157 0.102300 0.000000 0.000000 0.000000 1.000000
0.998475 0.055155 0.002198 0.037200 -0.053416 0.975508 -0.213379 11.271000 -0.013913 0.212937 0.976967 0.102300 0.000000 0.000000 0.000000 1.000000
0.998436 0.054421 0.012815 0.037200 -0.050838 0.979087 -0.196988 11.271000 -0.023267 0.196028 0.980322 0.102300 0.000000 0.000000 0.000000 1.000000
0.998228 0.054559 0.023737 0.037200 -0.049345 0.982049 -0.182056 11.271000 -0.033243 0.180563 0.983002 0.102300 0.000000 0.000000 0.000000 1.000000
0.997881 0.055805 0.033464 0.037200 -0.049376 0.984355 -0.169139 11.271000 -0.042379 0.167128 0.985024 0.102300 0.000000 0.000000 0.000000 1.000000
0.997463 0.057376 0.042141 0.037200 -0.050158 0.986496 -0.155916 11.271000 -0.050517 0.153406 0.986871 0.102300 0.000000 0.000000 0.000000 1.000000
0.996928 0.059377 0.051087 0.037200 -0.051603 0.988531 -0.141929 11.271000 -0.058929 0.138857 0.988558 0.102300 0.000000 0.000000 0.000000 1.000000
0.996155 0.062511 0.061381 0.037200 -0.054162 0.990120 -0.129344 11.271000 -0.068860 0.125522 0.989698 0.102300 0.000000 0.000000 0.000000 1.000000
0.995383 0.064636 0.070963 0.037200 -0.055843 0.991253 -0.119577 11.271000 -0.078072 0.115062 0.990286 0.102300 0.000000 0.000000 0.000000 1.000000
0.994907 0.064896 0.077121 0.037200 -0.055932 0.991997 -0.113197 11.271000 -0.083850 0.108307 0.990575 0.102300 0.000000 0.000000 0.000000 1.000000
0.994496 0.065053 0.082132 0.037200 -0.056013 0.992578 -0.107943 11.271000 -0.088545 0.102748 0.990759 0.102300 0.000000 0.000000 0.000000 1.000000
0.993894 0.067015 0.087658 0.037200 -0.057802 0.992926 -0.103719 11.271000 -0.093988 0.098019 0.990736 0.102300 0.000000 0.000000 0.000000 1.000000
0.993361 0.068735 0.092245 0.037200 -0.059270 0.993049 -0.101693 11.271000 -0.098594 0.095550 0.990530 0.102300 0.000000 0.000000 0.000000 1.000000
0.992992 0.069957 0.095257 0.037200 -0.060182 0.992975 -0.101880 11.271000 -0.101715 0.095433 0.990226 0.102300 0.000000 0.000000 0.000000 1.000000
0.992690 0.071572 0.097182 0.037200 -0.061477 0.992762 -0.103166 11.271000 -0.103862 0.096438 0.989905 0.102300 0.000000 0.000000 0.000000 1.000000
0.992503 0.074360 0.097001 0.037200 -0.064009 0.992328 -0.105775 11.271000 -0.104123 0.098773 0.989648 0.102300 0.000000 0.000000 0.000000 1.000000</float_array><technique_common><accessor source="#Spine1-Matrix-animation-output-transform-array" count="49" stride="16"><param type="float4x4"/></accessor></technique_common></source><source id="Spine1-Interpolations"><Name_array id="Spine1-Interpolations-array" count="49">
 LINEAR LINEAR LINEAR LINEAR LINEAR LINEAR LINEAR LINEAR LINEAR LINEAR LINEAR
LINEAR LINEAR LINEAR LINEAR LINEAR LINEAR LINEAR LINEAR LINEAR LINEAR LINEAR LINEAR
LINEAR LINEAR LINEAR LINEAR LINEAR LINEAR LINEAR LINEAR LINEAR LINEAR LINEAR LINEAR
LINEAR LINEAR LINEAR LINEAR LINEAR LINEAR LINEAR LINEAR LINEAR LINEAR LINEAR LINEAR
LINEAR LINEAR</Name_array><technique_common><accessor source="#Spine1-Interpolations-array" count="49"><param type="name"/></accessor></technique_common></source><sampler id="Spine1-Matrix-animation-transform"><input semantic="INPUT" source="#Spine1-Matrix-animation-input"/><input semantic="OUTPUT" source="#Spine1-Matrix-animation-output-transform"/><input semantic="INTERPOLATION" source="#Spine1-Interpolations"/></sampler><channel source="#Spine1-Matrix-animation-transform" target="Spine1/matrix"/></animation>
    <animation id="Spine2-anim" name="Spine2"><source id="Spine2-Matrix-animation-input"><float_array id="Spine2-Matrix-animation-input-array" count="49">

0.000000 0.033333 0.066667 0.100000 0.133333 0.166667 0.200000 0.233333 0.266667 0.300000 0.333333 0.366667 0.400000 0.433333 0.466667 0.500000
0.533333 0.566667 0.600000 0.633333 0.666667 0.700000 0.733333 0.766667 0.800000 0.833333 0.866667 0.900000 0.933333 0.966667 1.000000 1.033333
1.066667 1.100000 1.133333 1.166667 1.200000 1.233333 1.266667 1.300000 1.333333 1.366667 1.400000 1.433333 1.466667 1.500000 1.533333 1.566667
1.600000</float_array><technique_common><accessor source="#Spine2-Matrix-animation-input-array" count="49"><param name="TIME" type="float"/></accessor></technique_common></source><source id="Spine2-Matrix-animation-output-transform"><float_array id="Spine2-Matrix-animation-output-transform-array" count="784">

0.992503 0.052817 0.110223 0.042500 -0.063968 0.992907 0.100215 10.833500 -0.104148 -0.106514 0.988842 0.116900 0.000000 0.000000 0.000000 1.000000
0.994218 0.049579 0.095250 0.042500 -0.058978 0.993384 0.098539 10.833500 -0.089734 -0.103587 0.990564 0.116900 0.000000 0.000000 0.000000 1.000000
0.996855 0.037620 0.069744 0.042500 -0.045003 0.993186 0.107497 10.833500 -0.065225 -0.110298 0.991756 0.116900 0.000000 0.000000 0.000000 1.000000
0.999065 0.006967 0.042665 0.042500 -0.013085 0.989368 0.144844 10.833500 -0.041202 -0.145267 0.988534 0.116900 0.000000 0.000000 0.000000 1.000000
0.999951 -0.006811 0.007188 0.042500 0.005545 0.986560 0.163308 10.833500 -0.008203 -0.163260 0.986549 0.116900 0.000000 0.000000 0.000000 1.000000
0.999355 -0.002399 -0.035844 0.042500 0.006441 0.993564 0.113090 10.833500 0.035342 -0.113248 0.992938 0.116900 0.000000 0.000000 0.000000 1.000000
0.997041 0.008962 -0.076347 0.042500 -0.006463 0.999437 0.032911 10.833500 0.076599 -0.032320 0.996538 0.116900 0.000000 0.000000 0.000000 1.000000
0.994922 0.019479 -0.098748 0.042500 -0.020355 0.999762 -0.007868 10.833500 0.098571 0.009838 0.995081 0.116900 0.000000 0.000000 0.000000 1.000000
0.994244 0.047076 -0.096244 0.042500 -0.053192 0.996657 -0.062006 10.833500 0.093003 0.066768 0.993425 0.116900 0.000000 0.000000 0.000000 1.000000
0.992883 0.073264 -0.093889 0.042500 -0.080259 0.994095 -0.073029 10.833500 0.087984 0.080045 0.992901 0.116900 0.000000 0.000000 0.000000 1.000000
0.992484 0.090444 -0.082431 0.042500 -0.097995 0.990859 -0.092706 10.833500 0.073293 0.100087 0.992276 0.116900 0.000000 0.000000 0.000000 1.000000
0.993913 0.084823 -0.070306 0.042500 -0.092834 0.988442 -0.119851 10.833500 0.059327 0.125648 0.990299 0.116900 0.000000 0.000000 0.000000 1.000000
0.993218 0.089612 -0.074078 0.042500 -0.099340 0.985123 -0.140229 10.833500 0.060409 0.146637 0.987344 0.116900 0.000000 0.000000 0.000000 1.000000
0.991936 0.098630 -0.079587 0.042500 -0.109889 0.982189 -0.152408 10.833500 0.063138 0.159925 0.985108 0.116900 0.000000 0.000000 0.000000 1.000000
0.992091 0.097871 -0.078593 0.042500 -0.109116 0.981934 -0.154593 10.833500 0.062042 0.161946 0.984847 0.116900 0.000000 0.000000 0.000000 1.000000
0.992966 0.090043 -0.076876 0.042500 -0.101265 0.982329 -0.157401 10.833500 0.061345 0.164078 0.984538 0.116900 0.000000 0.000000 0.000000 1.000000
0.993388 0.087138 -0.074753 0.042500 -0.098186 0.982255 -0.159794 10.833500 0.059502 0.166077 0.984316 0.116900 0.000000 0.000000 0.000000 1.000000
0.993550 0.086599 -0.073212 0.042500 -0.097364 0.982425 -0.159255 10.833500 0.058134 0.165356 0.984519 0.116900 0.000000 0.000000 0.000000 1.000000
0.993565 0.085586 -0.074187 0.042500 -0.096555 0.982422 -0.159766 10.833500 0.059210 0.165901 0.984363 0.116900 0.000000 0.000000 0.000000 1.000000
0.993522 0.086664 -0.073512 0.042500 -0.097471 0.982432 -0.159144 10.833500 0.058428 0.165279 0.984515 0.116900 0.000000 0.000000 0.000000 1.000000
0.993497 0.087864 -0.072407 0.042500 -0.098387 0.982586 -0.157624 10.833500 0.057297 0.163723 0.984841 0.116900 0.000000 0.000000 0.000000 1.000000
0.993587 0.086824 -0.072433 0.042500 -0.097144 0.983299 -0.153900 10.833500 0.057861 0.159950 0.985428 0.116900 0.000000 0.000000 0.000000 1.000000
0.993842 0.084887 -0.071217 0.042500 -0.094700 0.984416 -0.148179 10.833500 0.057529 0.154011 0.986393 0.116900 0.000000 0.000000 0.000000 1.000000
0.994117 0.084168 -0.068174 0.042500 -0.093202 0.985397 -0.142499 10.833500 0.055184 0.148015 0.987444 0.116900 0.000000 0.000000 0.000000 1.000000
0.994285 0.084055 -0.065814 0.042500 -0.092384 0.986408 -0.135887 10.833500 0.053498 0.141191 0.988536 0.116900 0.000000 0.000000 0.000000 1.000000
0.994464 0.083993 -0.063144 0.042500 -0.091508 0.987613 -0.127462 10.833500 0.051656 0.132534 0.989832 0.116900 0.000000 0.000000 0.000000 1.000000
0.994887 0.081965 -0.059009 0.042500 -0.088454 0.989139 -0.117387 10.833500 0.048747 0.122006 0.991332 0.116900 0.000000 0.000000 0.000000 1.000000
0.995480 0.078642 -0.053251 0.042500 -0.083930 0.990851 -0.105690 10.833500 0.044452 0.109682 0.992972 0.116900 0.000000 0.000000 0.000000 1.000000
0.995982 0.076279 -0.046910 0.042500 -0.080387 0.992413 -0.093031 10.833500 0.039458 0.096428 0.994558 0.116900 0.000000 0.000000 0.000000 1.000000
0.996546 0.073581 -0.038500 0.042500 -0.076479 0.993841 -0.080195 10.833500 0.032362 0.082863 0.996035 0.116900 0.000000 0.000000 0.000000 1.000000
0.997128 0.069935 -0.029065 0.042500 -0.071682 0.995360 -0.064192 10.833500 0.024441 0.066092 0.997514 0.116900 0.000000 0.000000 0.000000 1.000000
0.997548 0.067433 -0.018729 0.042500 -0.068282 0.996455 -0.049149 10.833500 0.015348 0.050308 0.998616 0.116900 0.000000 0.000000 0.000000 1.000000
0.997898 0.064274 -0.008229 0.042500 -0.064540 0.997205 -0.037643 10.833500 0.005787 0.038095 0.999257 0.116900 0.000000 0.000000 0.000000 1.000000
0.998109 0.061448 0.001837 0.042500 -0.061392 0.997867 -0.022195 10.833500 -0.003197 0.022040 0.999752 0.116900 0.000000 0.000000 0.000000 1.000000
0.998244 0.058063 0.011712 0.042500 -0.058009 0.998304 -0.004894 10.833500 -0.011976 0.004206 0.999919 0.116900 0.000000 0.000000 0.000000 1.000000
0.998226 0.055378 0.021846 0.042500 -0.055650 0.998378 0.012047 10.833500 -0.021143 -0.013241 0.999689 0.116900 0.000000 0.000000 0.000000 1.000000
0.998043 0.053424 0.032484 0.042500 -0.054321 0.998148 0.027370 10.833500 -0.030962 -0.029081 0.999097 0.116900 0.000000 0.000000 0.000000 1.000000
0.997716 0.052740 0.042215 0.042500 -0.054453 0.997694 0.040522 10.833500 -0.039980 -0.042728 0.998286 0.116900 0.000000 0.000000 0.000000 1.000000
0.997316 0.052524 0.051015 0.042500 -0.055264 0.997017 0.053872 10.833500 -0.048033 -0.056547 0.997244 0.116900 0.000000 0.000000 0.000000 1.000000
0.996799 0.052598 0.060202 0.042500 -0.056659 0.996084 0.067877 10.833500 -0.056396 -0.071071 0.995876 0.116900 0.000000 0.000000 0.000000 1.000000
0.996047 0.053415 0.070979 0.042500 -0.059086 0.995014 0.080351 10.833500 -0.066334 -0.084228 0.994236 0.116900 0.000000 0.000000 0.000000 1.000000
0.995297 0.053306 0.080886 0.042500 -0.060549 0.994108 0.089902 10.833500 -0.075617 -0.094377 0.992661 0.116900 0.000000 0.000000 0.000000 1.000000
0.994843 0.051993 0.087092 0.042500 -0.060329 0.993552 0.095989 10.833500 -0.081539 -0.100748 0.991565 0.116900 0.000000 0.000000 0.000000 1.000000
0.994449 0.050712 0.092198 0.042500 -0.059995 0.993088 0.100877 10.833500 -0.086445 -0.105848 0.990618 0.116900 0.000000 0.000000 0.000000 1.000000
0.993858 0.050972 0.098225 0.042500 -0.061251 0.992621 0.104648 10.833500 -0.092167 -0.110022 0.989647 0.116900 0.000000 0.000000 0.000000 1.000000
0.993335 0.051066 0.103331 0.042500 -0.062062 0.992410 0.106164 10.833500 -0.097125 -0.111869 0.988965 0.116900 0.000000 0.000000 0.000000 1.000000
0.992974 0.050865 0.106840 0.042500 -0.062182 0.992482 0.105417 10.833500 -0.100674 -0.111320 0.988672 0.116900 0.000000 0.000000 0.000000 1.000000
0.992680 0.051127 0.109415 0.042500 -0.062536 0.992660 0.103512 10.833500 -0.103320 -0.109597 0.988592 0.116900 0.000000 0.000000 0.000000 1.000000
0.992503 0.052817 0.110222 0.042500 -0.063968 0.992907 0.100215 10.833500 -0.104148 -0.106514 0.988842 0.116900 0.000000 0.000000 0.000000 1.000000</float_array><technique_common><accessor source="#Spine2-Matrix-animation-output-transform-array" count="49" stride="16"><param type="float4x4"/></accessor></technique_common></source><source id="Spine2-Interpolations"><Name_array id="Spine2-Interpolations-array" count="49">
 LINEAR LINEAR LINEAR LINEAR LINEAR LINEAR LINEAR LINEAR LINEAR LINEAR LINEAR
LINEAR LINEAR LINEAR LINEAR LINEAR LINEAR LINEAR LINEAR LINEAR LINEAR LINEAR LINEAR
LINEAR LINEAR LINEAR LINEAR LINEAR LINEAR LINEAR LINEAR LINEAR LINEAR LINEAR LINEAR
LINEAR LINEAR LINEAR LINEAR LINEAR LINEAR LINEAR LINEAR LINEAR LINEAR LINEAR LINEAR
LINEAR LINEAR</Name_array><technique_common><accessor source="#Spine2-Interpolations-array" count="49"><param type="name"/></accessor></technique_common></source><sampler id="Spine2-Matrix-animation-transform"><input semantic="INPUT" source="#Spine2-Matrix-animation-input"/><input semantic="OUTPUT" source="#Spine2-Matrix-animation-output-transform"/><input semantic="INTERPOLATION" source="#Spine2-Interpolations"/></sampler><channel source="#Spine2-Matrix-animation-transform" target="Spine2/matrix"/></animation>
    <animation id="RightShoulder-anim" name="RightShoulder"><source id="RightShoulder-Matrix-animation-input"><float_array id="RightShoulder-Matrix-animation-input-array" count="49">

0.000000 0.033333 0.066667 0.100000 0.133333 0.166667 0.200000 0.233333 0.266667 0.300000 0.333333 0.366667 0.400000 0.433333 0.466667 0.500000
0.533333 0.566667 0.600000 0.633333 0.666667 0.700000 0.733333 0.766667 0.800000 0.833333 0.866667 0.900000 0.933333 0.966667 1.000000 1.033333
1.066667 1.100000 1.133333 1.166667 1.200000 1.233333 1.266667 1.300000 1.333333 1.366667 1.400000 1.433333 1.466667 1.500000 1.533333 1.566667
1.600000</float_array><technique_common><accessor source="#RightShoulder-Matrix-animation-input-array" count="49"><param name="TIME" type="float"/></accessor></technique_common></source><source id="RightShoulder-Matrix-animation-output-transform"><float_array id="RightShoulder-Matrix-animation-output-transform-array" count="784">

0.911015 -0.024383 0.411651 -8.091500 -0.009753 0.996697 0.080621 25.765600 -0.412257 -0.077462 0.907769 -8.554100 0.000000 0.000000 0.000000 1.000000
0.915672 -0.023506 0.401239 -8.091500 -0.009577 0.996729 0.080248 25.765600 -0.401812 -0.077323 0.912452 -8.554100 0.000000 0.000000 0.000000 1.000000
0.930237 -0.029577 0.365766 -8.091500 -0.000323 0.996680 0.081417 25.765600 -0.366959 -0.075855 0.927139 -8.554100 0.000000 0.000000 0.000000 1.000000
0.948466 -0.036904 0.314722 -8.091500 0.011537 0.996558 0.082087 25.765600 -0.316668 -0.074226 0.945628 -8.554100 0.000000 0.000000 0.000000 1.000000
0.951997 -0.053636 0.301370 -8.091500 0.028882 0.995876 0.086006 25.765600 -0.304741 -0.073174 0.949620 -8.554100 0.000000 0.000000 0.000000 1.000000
0.951768 -0.059431 0.301009 -8.091500 0.034480 0.995564 0.087539 25.765600 -0.304876 -0.072938 0.949595 -8.554100 0.000000 0.000000 0.000000 1.000000
0.934110 -0.080589 0.347769 -8.091500 0.050205 0.994160 0.095528 25.765600 -0.353437 -0.071773 0.932701 -8.554100 0.000000 0.000000 0.000000 1.000000
0.923641 -0.066901 0.377375 -8.091500 0.034093 0.995086 0.092964 25.765600 -0.381740 -0.073000 0.921383 -8.554100 0.000000 0.000000 0.000000 1.000000
0.920815 -0.039997 0.387943 -8.091500 0.007428 0.996345 0.085093 25.765600 -0.389928 -0.075474 0.917747 -8.554100 0.000000 0.000000 0.000000 1.000000
