<?xml version="1.0" encoding="utf-8"?>
<COLLADA xmlns="http://www.collada.org/2005/11/COLLADASchema" version="1.4.1">
  <asset><contributor><author>Mixamo</author><authoring_tool>COLLADA Mixamo exporter</authoring_tool><comments></comments></contributor><created>2021-01-14T11:02:26Z</created><modified>2021-01-14T11:02:26Z</modified><revision></revision><title></title><unit meter="0.010000"/><up_axis>Y_UP</up_axis></asset>
  <library_animations>
    <animation id="Hips-anim" name="Hips"><source id="Hips-Matrix-animation-input"><float_array id="Hips-Matrix-animation-input-array" count="140">

0.000000 0.033333 0.066667 0.100000 0.133333 0.166667 0.200000 0.233333 0.266667 0.300000 0.333333 0.366667 0.400000 0.433333 0.466667 0.500000
0.533333 0.566667 0.600000 0.633333 0.666667 0.700000 0.733333 0.766667 0.800000 0.833333 0.866667 0.900000 0.933333 0.966667 1.000000 1.033333
1.066667 1.100000 1.133333 1.166667 1.200000 1.233333 1.266667 1.300000 1.333333 1.366667 1.400000 1.433333 1.466667 1.500000 1.533333 1.566667
1.600000 1.633333 1.666667 1.700000 1.733333 1.766667 1.800000 1.833333 1.866667 1.900000 1.933333 1.966667 2.000000 2.033333 2.066667 2.100000
2.133333 2.166667 2.200000 2.233333 2.266667 2.300000 2.333333 2.366667 2.400000 2.433333 2.466667 2.500000 2.533333 2.566667 2.600000 2.633333
2.666667 2.700000 2.733333 2.766667 2.800000 2.833333 2.866667 2.900000 2.933333 2.966667 3.000000 3.033333 3.066667 3.100000 3.133333 3.166667
3.200000 3.233333 3.266667 3.300000 3.333333 3.366667 3.400000 3.433333 3.466667 3.500000 3.533333 3.566667 3.600000 3.633333 3.666667 3.700000
3.733333 3.766667 3.800000 3.833333 3.866667 3.900000 3.933333 3.966667 4.000000 4.033333 4.066667 4.100000 4.133333 4.166667 4.200000 4.233333
4.266667 4.300000 4.333333 4.366667 4.400000 4.433333 4.466667 4.500000 4.533333 4.566667 4.600000 4.633333</float_array><technique_common><accessor source="#Hips-Matrix-animation-input-array" count="140"><param name="TIME" type="float"/></accessor></technique_common></source><source id="Hips-Matrix-animation-output-transform"><float_array id="Hips-Matrix-animation-output-transform-array" count="2240">

0.952514 -0.037227 -0.302209 0.017306 -0.020145 0.982620 -0.184535 101.332306 0.303826 0.181860 0.935209 -0.843167 0.000000 0.000000 0.000000 1.000000
0.953414 -0.037802 -0.299286 -0.058248 -0.019767 0.982156 -0.187024 101.411407 0.301016 0.184228 0.935655 -0.904694 0.000000 0.000000 0.000000 1.000000
0.953849 -0.043928 -0.297055 -0.223681 -0.016346 0.980180 -0.197435 101.501877 0.299840 0.193178 0.934226 -1.167073 0.000000 0.000000 0.000000 1.000000
0.954175 -0.055381 -0.294080 -0.480499 -0.011460 0.975242 -0.220841 101.506302 0.299029 0.214091 0.929917 -1.717665 0.000000 0.000000 0.000000 1.000000
0.955023 -0.069366 -0.288303 -0.815502 -0.007425 0.966356 -0.257102 101.354134 0.296437 0.247679 0.922377 -2.528961 0.000000 0.000000 0.000000 1.000000
0.957713 -0.081398 -0.275972 -1.230008 -0.006838 0.952439 -0.304651 100.936630 0.287645 0.293656 0.911607 -3.570100 0.000000 0.000000 0.000000 1.000000
0.962144 -0.088336 -0.257829 -1.683382 -0.009313 0.934808 -0.355032 100.197533 0.272383 0.343993 0.898597 -4.764945 0.000000 0.000000 0.000000 1.000000
0.966957 -0.092182 -0.237689 -2.144958 -0.012647 0.913845 -0.405865 99.091797 0.254624 0.395461 0.882484 -6.081362 0.000000 0.000000 0.000000 1.000000
0.971353 -0.094588 -0.218006 -2.619813 -0.015775 0.889684 -0.456303 97.633286 0.237117 0.446671 0.862705 -7.464449 0.000000 0.000000 0.000000 1.000000
0.974908 -0.096130 -0.200782 -3.114161 -0.017638 0.865761 -0.500146 95.954498 0.221908 0.491138 0.842342 -8.851777 0.000000 0.000000 0.000000 1.000000
0.977344 -0.097958 -0.187624 -3.660055 -0.017106 0.846998 -0.531321 94.232491 0.210964 0.522493 0.826132 -10.163929 0.000000 0.000000 0.000000 1.000000
0.978868 -0.101068 -0.177774 -4.304731 -0.013535 0.835403 -0.549472 92.626953 0.204047 0.540266 0.816381 -11.323465 0.000000 0.000000 0.000000 1.000000
0.980090 -0.104183 -0.169023 -5.043788 -0.007571 0.831050 -0.556147 91.325043 0.198407 0.546354 0.813715 -12.320971 0.000000 0.000000 0.000000 1.000000
0.981388 -0.104332 -0.161220 -5.849391 -0.002200 0.833377 -0.552701 90.557526 0.192022 0.542769 0.817637 -13.203519 0.000000 0.000000 0.000000 1.000000
0.982692 -0.099669 -0.156151 -6.721984 -0.000629 0.841127 -0.540837 90.513092 0.185248 0.531574 0.826506 -14.008003 0.000000 0.000000 0.000000 1.000000
0.983668 -0.090638 -0.155505 -7.670666 -0.003475 0.854230 -0.519883 91.195099 0.179958 0.511933 0.839964 -14.712480 0.000000 0.000000 0.000000 1.000000
0.983973 -0.078285 -0.160212 -8.672045 -0.009336 0.874624 -0.484711 92.399414 0.178071 0.478439 0.859876 -15.208508 0.000000 0.000000 0.000000 1.000000
0.983458 -0.063177 -0.169762 -9.646541 -0.016270 0.902605 -0.430161 93.869614 0.180404 0.425808 0.886647 -15.306939 0.000000 0.000000 0.000000 1.000000
0.982253 -0.047622 -0.181414 -10.496262 -0.020791 0.933624 -0.357651 95.461960 0.186404 0.355076 0.916065 -14.816542 0.000000 0.000000 0.000000 1.000000
0.980779 -0.035227 -0.191918 -11.171173 -0.019245 0.961309 -0.274800 97.104607 0.194173 0.273212 0.942153 -13.628898 0.000000 0.000000 0.000000 1.000000
0.979757 -0.025346 -0.198581 -11.708475 -0.012844 0.981950 -0.188702 98.768799 0.199780 0.187433 0.961747 -11.761215 0.000000 0.000000 0.000000 1.000000
0.979913 -0.014013 -0.198932 -12.213595 -0.007013 0.994490 -0.104596 100.398033 0.199302 0.103890 0.974416 -9.288065 0.000000 0.000000 0.000000 1.000000
0.980897 -0.001523 -0.194523 -12.798241 -0.004818 0.999472 -0.032121 101.896416 0.194469 0.032445 0.980372 -6.333801 0.000000 0.000000 0.000000 1.000000
0.981102 0.008755 -0.193292 -13.441257 -0.005878 0.999863 0.015452 103.136421 0.193401 -0.014024 0.981020 -3.105286 0.000000 0.000000 0.000000 1.000000
0.979460 0.015637 -0.201032 -13.936094 -0.009288 0.999429 0.032487 103.868919 0.201425 -0.029953 0.979046 0.197384 0.000000 0.000000 0.000000 1.000000
0.976289 0.018102 -0.215712 -14.266725 -0.012445 0.999543 0.027554 104.350670 0.216112 -0.024216 0.976068 3.361208 0.000000 0.000000 0.000000 1.000000
0.972225 0.014622 -0.233589 -14.395874 -0.011267 0.999813 0.015692 104.646896 0.233775 -0.012625 0.972209 6.296075 0.000000 0.000000 0.000000 1.000000
0.967481 0.006167 -0.252868 -14.275178 -0.004784 0.999970 0.006082 104.765175 0.252898 -0.004674 0.967482 8.928419 0.000000 0.000000 0.000000 1.000000
0.962458 -0.004252 -0.271398 -13.931658 0.003839 0.999991 -0.002051 104.781693 0.271404 0.000932 0.962465 11.222323 0.000000 0.000000 0.000000 1.000000
0.958357 -0.013827 -0.285237 -13.407526 0.010736 0.999866 -0.012397 104.767334 0.285370 0.008819 0.958377 13.271519 0.000000 0.000000 0.000000 1.000000
0.956758 -0.019918 -0.290202 -12.860262 0.013623 0.999626 -0.023695 104.568237 0.290566 0.018716 0.956672 15.079021 0.000000 0.000000 0.000000 1.000000
0.958791 -0.020592 -0.283364 -12.352142 0.011849 0.999400 -0.032535 104.310905 0.283864 0.027836 0.958460 16.597446 0.000000 0.000000 0.000000 1.000000
0.964784 -0.016146 -0.262548 -11.914310 0.006102 0.999220 -0.039027 104.173523 0.262973 0.036050 0.964129 17.655794 0.000000 0.000000 0.000000 1.000000
0.973472 -0.008843 -0.228633 -11.527969 -0.001935 0.998899 -0.046877 104.120636 0.228796 0.046076 0.972383 18.063744 0.000000 0.000000 0.000000 1.000000
0.981865 -0.002031 -0.189569 -11.106812 -0.009783 0.998067 -0.061365 104.169891 0.189328 0.062107 0.979948 17.748764 0.000000 0.000000 0.000000 1.000000
0.987555 0.001874 -0.157266 -10.496268 -0.015767 0.996072 -0.087137 104.447227 0.156485 0.088532 0.983705 16.694635 0.000000 0.000000 0.000000 1.000000
0.990278 0.002341 -0.139084 -9.399654 -0.019900 0.991958 -0.124991 104.922791 0.137673 0.126544 0.982361 14.926406 0.000000 0.000000 0.000000 1.000000
0.990631 -0.001088 -0.136558 -8.189977 -0.022484 0.985023 -0.170951 104.540237 0.134699 0.172420 0.975770 12.031469 0.000000 0.000000 0.000000 1.000000
0.988689 -0.008731 -0.149723 -6.777133 -0.024469 0.975538 -0.218464 103.570496 0.147968 0.219656 0.964291 8.342780 0.000000 0.000000 0.000000 1.000000
0.984249 -0.019679 -0.175687 -5.186713 -0.027030 0.965349 -0.259560 102.202385 0.174707 0.260220 0.949612 4.286618 0.000000 0.000000 0.000000 1.000000
0.978091 -0.029783 -0.206038 -3.606957 -0.031327 0.957386 -0.287107 100.621216 0.205809 0.287271 0.935478 0.289055 0.000000 0.000000 0.000000 1.000000
0.971632 -0.035963 -0.233748 -2.277338 -0.037423 0.952537 -0.302112 99.076164 0.233519 0.302290 0.924170 -3.200320 0.000000 0.000000 0.000000 1.000000
0.965217 -0.041020 -0.258213 -1.414332 -0.045361 0.946363 -0.319905 97.819824 0.257486 0.320490 0.911585 -5.772156 0.000000 0.000000 0.000000 1.000000
0.958847 -0.045891 -0.280191 -0.914500 -0.061539 0.929801 -0.362883 96.857323 0.277175 0.365191 0.888712 -7.152100 0.000000 0.000000 0.000000 1.000000
0.954371 -0.050691 -0.294289 -0.645939 -0.088582 0.893076 -0.441100 95.955711 0.285182 0.447042 0.847835 -7.479132 0.000000 0.000000 0.000000 1.000000
0.952569 -0.060060 -0.298337 -0.543831 -0.117333 0.832054 -0.542143 95.007233 0.280794 0.551433 0.785542 -7.251616 0.000000 0.000000 0.000000 1.000000
0.951499 -0.081905 -0.296550 -0.675460 -0.134463 0.756259 -0.640306 93.839622 0.276713 0.649126 0.708566 -7.078914 0.000000 0.000000 0.000000 1.000000
0.950310 -0.115473 -0.289097 -0.980192 -0.133445 0.687908 -0.713425 92.430519 0.281253 0.716553 0.638317 -7.347698 0.000000 0.000000 0.000000 1.000000
0.949991 -0.146732 -0.275658 -1.279758 -0.118506 0.647307 -0.752961 90.905624 0.288919 0.747973 0.597547 -8.019635 0.000000 0.000000 0.000000 1.000000
0.951237 -0.162609 -0.262117 -1.479989 -0.101439 0.637590 -0.763668 89.542366 0.291303 0.753019 0.590004 -8.760890 0.000000 0.000000 0.000000 1.000000
0.953045 -0.164690 -0.254132 -1.659367 -0.091522 0.643306 -0.760119 88.622505 0.288669 0.747686 0.598027 -9.277453 0.000000 0.000000 0.000000 1.000000
0.953532 -0.166776 -0.250921 -1.946221 -0.087442 0.643791 -0.760189 88.227615 0.288322 0.746806 0.599292 -9.518119 0.000000 0.000000 0.000000 1.000000
0.951789 -0.178863 -0.249209 -2.368248 -0.082139 0.634139 -0.768844 88.195251 0.295551 0.752247 0.588875 -9.636765 0.000000 0.000000 0.000000 1.000000
0.947909 -0.196210 -0.250937 -2.849421 -0.074418 0.629565 -0.773375 88.294075 0.309725 0.751764 0.582169 -9.810672 0.000000 0.000000 0.000000 1.000000
0.942684 -0.207307 -0.261479 -3.337282 -0.068829 0.645953 -0.760268 88.391800 0.326512 0.734690 0.594660 -10.102092 0.000000 0.000000 0.000000 1.000000
0.937687 -0.206954 -0.279129 -3.867126 -0.066573 0.681416 -0.728863 88.475571 0.341044 0.702028 0.625177 -10.467667 0.000000 0.000000 0.000000 1.000000
0.934284 -0.199044 -0.295796 -4.500278 -0.064675 0.721271 -0.689627 88.597694 0.350615 0.663438 0.660999 -10.842662 0.000000 0.000000 0.000000 1.000000
0.932721 -0.189430 -0.306835 -5.254111 -0.061226 0.755356 -0.652449 88.810318 0.355363 0.627339 0.692938 -11.180106 0.000000 0.000000 0.000000 1.000000
0.932356 -0.179995 -0.313552 -6.089328 -0.056803 0.783562 -0.618711 89.130135 0.357053 0.594669 0.720334 -11.456858 0.000000 0.000000 0.000000 1.000000
0.932370 -0.170082 -0.318995 -6.956881 -0.052456 0.809417 -0.584887 89.534409 0.357678 0.562064 0.745755 -11.681639 0.000000 0.000000 0.000000 1.000000
0.932339 -0.159741 -0.324386 -7.842572 -0.048291 0.834077 -0.549530 90.010544 0.358345 0.528014 0.769929 -11.887880 0.000000 0.000000 0.000000 1.000000
0.932398 -0.149509 -0.329061 -8.720445 -0.044045 0.856647 -0.514020 90.525940 0.358740 0.493765 0.792150 -12.071687 0.000000 0.000000 0.000000 1.000000
0.932821 -0.139328 -0.332313 -9.572438 -0.039655 0.876928 -0.478982 91.041191 0.358151 0.459983 0.812492 -12.232887 0.000000 0.000000 0.000000 1.000000
0.933434 -0.129863 -0.334420 -10.363588 -0.034534 0.895326 -0.444070 91.585678 0.357083 0.426059 0.831243 -12.396166 0.000000 0.000000 0.000000 1.000000
0.933385 -0.122624 -0.337276 -11.070764 -0.028397 0.911630 -0.410031 92.153809 0.357751 0.392294 0.847419 -12.578497 0.000000 0.000000 0.000000 1.000000
0.931995 -0.117930 -0.342752 -11.676853 -0.022256 0.925191 -0.378848 92.678337 0.361788 0.360713 0.859648 -12.761358 0.000000 0.000000 0.000000 1.000000
0.929650 -0.114070 -0.350340 -12.160630 -0.017845 0.935811 -0.352050 93.105675 0.368011 0.333535 0.867941 -12.905735 0.000000 0.000000 0.000000 1.000000
0.927017 -0.109168 -0.358779 -12.499381 -0.016252 0.944100 -0.329260 93.445961 0.374668 0.311060 0.873422 -12.984215 0.000000 0.000000 0.000000 1.000000
0.923817 -0.103038 -0.368709 -12.680596 -0.017236 0.950929 -0.308929 93.738136 0.382447 0.291749 0.876708 -13.003271 0.000000 0.000000 0.000000 1.000000
0.919422 -0.096442 -0.381264 -12.707325 -0.019723 0.956938 -0.289623 94.008560 0.392777 0.273805 0.877927 -12.986099 0.000000 0.000000 0.000000 1.000000
0.914230 -0.089496 -0.395188 -12.588409 -0.022652 0.962489 -0.270372 94.264816 0.404561 0.256134 0.877910 -12.936906 0.000000 0.000000 0.000000 1.000000
0.909281 -0.082155 -0.407993 -12.337976 -0.025719 0.967356 -0.252111 94.514343 0.415387 0.239734 0.877486 -12.835464 0.000000 0.000000 0.000000 1.000000
0.904820 -0.075293 -0.419084 -11.983168 -0.029179 0.970963 -0.237443 94.775696 0.424792 0.227072 0.876350 -12.676649 0.000000 0.000000 0.000000 1.000000
0.900403 -0.069686 -0.429439 -11.550985 -0.032960 0.973325 -0.227049 95.065071 0.433806 0.218590 0.874089 -12.490519 0.000000 0.000000 0.000000 1.000000
0.896040 -0.064978 -0.439193 -11.048413 -0.036678 0.975017 -0.219083 95.381386 0.442456 0.212416 0.871270 -12.302670 0.000000 0.000000 0.000000 1.000000
0.892122 -0.060521 -0.447723 -10.460726 -0.040379 0.976340 -0.212436 95.710495 0.449987 0.207597 0.868571 -12.096908 0.000000 0.000000 0.000000 1.000000
0.888430 -0.056343 -0.455541 -9.771811 -0.044487 0.977196 -0.207626 96.039993 0.456851 0.204727 0.865664 -11.839043 0.000000 0.000000 0.000000 1.000000
0.884362 -0.052883 -0.463796 -8.981521 -0.048848 0.977623 -0.204614 96.371162 0.464238 0.203609 0.861990 -11.515034 0.000000 0.000000 0.000000 1.000000
0.880194 -0.050143 -0.471959 -8.101981 -0.052400 0.978057 -0.201639 96.713974 0.471713 0.202212 0.858252 -11.136297 0.000000 0.000000 0.000000 1.000000
0.876941 -0.047603 -0.478235 -7.149717 -0.054356 0.978873 -0.197109 97.065605 0.477515 0.198848 0.855826 -10.716660 0.000000 0.000000 0.000000 1.000000
0.875203 -0.045231 -0.481636 -6.139648 -0.055067 0.979833 -0.192081 97.400452 0.480611 0.194632 0.855062 -10.245398 0.000000 0.000000 0.000000 1.000000
0.874823 -0.043731 -0.482465 -5.081526 -0.055473 0.980324 -0.189442 97.684662 0.481256 0.192492 0.855184 -9.698551 0.000000 0.000000 0.000000 1.000000
0.875032 -0.043472 -0.482108 -3.989987 -0.056333 0.980047 -0.190616 97.895157 0.480775 0.193954 0.855124 -9.085278 0.000000 0.000000 0.000000 1.000000
0.875177 -0.044113 -0.481787 -2.892431 -0.057579 0.979259 -0.194256 98.025421 0.480364 0.197750 0.854486 -8.453671 0.000000 0.000000 0.000000 1.000000
0.875548 -0.044876 -0.481042 -1.817022 -0.058565 0.978476 -0.197875 98.081360 0.479568 0.201421 0.854075 -7.849870 0.000000 0.000000 0.000000 1.000000
0.877427 -0.044563 -0.477635 -0.786525 -0.059079 0.978058 -0.199781 98.073334 0.476058 0.203512 0.855542 -7.294823 0.000000 0.000000 0.000000 1.000000
0.882644 -0.042530 -0.468114 0.179124 -0.058984 0.978005 -0.200070 98.020844 0.466327 0.204202 0.860721 -6.787761 0.000000 0.000000 0.000000 1.000000
0.892169 -0.040241 -0.449905 1.052895 -0.057343 0.977875 -0.201176 97.940865 0.448047 0.205282 0.870123 -6.316469 0.000000 0.000000 0.000000 1.000000
0.904309 -0.039801 -0.425018 1.790250 -0.053765 0.977096 -0.205897 97.839905 0.423478 0.209046 0.881457 -5.880371 0.000000 0.000000 0.000000 1.000000
0.915531 -0.040365 -0.400217 2.343076 -0.049851 0.975896 -0.212465 97.742111 0.399146 0.214469 0.891451 -5.522587 0.000000 0.000000 0.000000 1.000000
0.923841 -0.039318 -0.380752 2.695969 -0.047542 0.975222 -0.216059 97.673370 0.379812 0.217706 0.899081 -5.288803 0.000000 0.000000 0.000000 1.000000
0.929999 -0.036109 -0.365785 2.870613 -0.046919 0.975359 -0.215576 97.627586 0.364556 0.217648 0.905389 -5.163060 0.000000 0.000000 0.000000 1.000000
0.935492 -0.032152 -0.351881 2.893554 -0.046986 0.975689 -0.214064 97.587730 0.350209 0.216788 0.911239 -5.101275 0.000000 0.000000 0.000000 1.000000
0.940864 -0.028756 -0.337561 2.775408 -0.047063 0.975636 -0.214289 97.556641 0.335499 0.217503 0.916588 -5.086469 0.000000 0.000000 0.000000 1.000000
0.945842 -0.026289 -0.323561 2.513307 -0.046881 0.975206 -0.216277 97.551231 0.321224 0.219732 0.921158 -5.118205 0.000000 0.000000 0.000000 1.000000
0.950063 -0.024579 -0.311089 2.100925 -0.046287 0.974766 -0.218379 97.579788 0.308606 0.221873 0.924951 -5.187020 0.000000 0.000000 0.000000 1.000000
0.953486 -0.023342 -0.300534 1.540183 -0.045278 0.974596 -0.219347 97.630699 0.298019 0.222752 0.928206 -5.282425 0.000000 0.000000 0.000000 1.000000
0.956507 -0.022164 -0.290867 0.854677 -0.044042 0.974707 -0.219104 97.681686 0.288366 0.222385 0.931338 -5.409845 0.000000 0.000000 0.000000 1.000000
0.959639 -0.020743 -0.280468 0.083147 -0.042656 0.975003 -0.218059 97.727356 0.277981 0.221222 0.934766 -5.581462 0.000000 0.000000 0.000000 1.000000
0.962949 -0.019223 -0.268998 -0.749652 -0.040933 0.975482 -0.216239 97.780968 0.266560 0.219238 0.938552 -5.797576 0.000000 0.000000 0.000000 1.000000
0.966125 -0.018077 -0.257439 -1.640544 -0.038596 0.976205 -0.213389 97.852921 0.255170 0.216097 0.942438 -6.049577 0.000000 0.000000 0.000000 1.000000
0.968930 -0.017775 -0.246696 -2.584557 -0.035466 0.977122 -0.209703 97.938156 0.244780 0.211937 0.946132 -6.327773 0.000000 0.000000 0.000000 1.000000
0.971345 -0.018606 -0.236944 -3.561417 -0.031547 0.978017 -0.206127 98.018448 0.235571 0.207695 0.949405 -6.615724 0.000000 0.000000 0.000000 1.000000
0.973402 -0.020615 -0.228175 -4.538005 -0.027010 0.978672 -0.203644 98.089218 0.227507 0.204391 0.952085 -6.891749 0.000000 0.000000 0.000000 1.000000
0.975031 -0.023451 -0.220829 -5.484033 -0.022254 0.979084 -0.202234 98.167068 0.220953 0.202099 0.954115 -7.141749 0.000000 0.000000 0.000000 1.000000
0.976105 -0.026459 -0.215684 -6.385912 -0.017765 0.979520 -0.200561 98.265167 0.216574 0.199600 0.955644 -7.363596 0.000000 0.000000 0.000000 1.000000
0.976532 -0.029196 -0.213383 -7.239272 -0.013798 0.980252 -0.197269 98.383476 0.214929 0.195583 0.956845 -7.558060 0.000000 0.000000 0.000000 1.000000
0.976346 -0.031736 -0.213872 -8.032057 -0.010304 0.981215 -0.192643 98.518364 0.215968 0.190291 0.957678 -7.718949 0.000000 0.000000 0.000000 1.000000
0.975858 -0.034744 -0.215624 -8.741901 -0.006609 0.982116 -0.188161 98.665466 0.218305 0.185043 0.958176 -7.835562 0.000000 0.000000 0.000000 1.000000
0.975506 -0.039103 -0.216469 -9.349110 -0.001597 0.982788 -0.184731 98.817688 0.219967 0.180552 0.958653 -7.905508 0.000000 0.000000 0.000000 1.000000
0.975194 -0.044460 -0.216841 -9.856827 0.004402 0.983322 -0.181821 98.969345 0.221309 0.176357 0.959125 -7.942717 0.000000 0.000000 0.000000 1.000000
0.974247 -0.048758 -0.220147 -10.290841 0.009034 0.983997 -0.177956 99.119202 0.225300 0.171384 0.959097 -7.969325 0.000000 0.000000 0.000000 1.000000
0.972313 -0.050672 -0.228122 -10.664725 0.010772 0.984888 -0.172855 99.278442 0.233433 0.165612 0.958166 -7.990173 0.000000 0.000000 0.000000 1.000000
0.969683 -0.051575 -0.238860 -10.956358 0.010828 0.985583 -0.168848 99.454895 0.244125 0.161143 0.956261 -7.982736 0.000000 0.000000 0.000000 1.000000
0.966708 -0.053858 -0.250150 -11.133539 0.011265 0.985608 -0.168670 99.646706 0.255634 0.160237 0.953402 -7.926536 0.000000 0.000000 0.000000 1.000000
0.963422 -0.058306 -0.261569 -11.181684 0.012876 0.984989 -0.172134 99.846344 0.267679 0.162470 0.949711 -7.815855 0.000000 0.000000 0.000000 1.000000
0.959960 -0.063719 -0.272793 -11.105322 0.015314 0.984269 -0.176013 100.041908 0.279717 0.164788 0.945835 -7.650057 0.000000 0.000000 0.000000 1.000000
0.956829 -0.068401 -0.282488 -10.914175 0.018106 0.984054 -0.176948 100.219498 0.290086 0.164195 0.942810 -7.435470 0.000000 0.000000 0.000000 1.000000
0.954204 -0.071540 -0.290476 -10.616535 0.020824 0.984514 -0.174064 100.374969 0.298430 0.160044 0.940917 -7.184706 0.000000 0.000000 0.000000 1.000000
0.951387 -0.073313 -0.299146 -10.226009 0.022621 0.985267 -0.169522 100.511139 0.307167 0.154514 0.939028 -6.906015 0.000000 0.000000 0.000000 1.000000
0.947587 -0.074315 -0.310735 -9.759080 0.022645 0.985749 -0.166694 100.623268 0.318695 0.150921 0.935765 -6.597183 0.000000 0.000000 0.000000 1.000000
0.942806 -0.075045 -0.324784 -9.224594 0.020986 0.985759 -0.166850 100.704956 0.332680 0.150492 0.930955 -6.254103 0.000000 0.000000 0.000000 1.000000
0.937624 -0.075481 -0.339359 -8.620873 0.018573 0.985627 -0.167910 100.759689 0.347156 0.151134 0.925549 -5.876175 0.000000 0.000000 0.000000 1.000000
0.932472 -0.075206 -0.353326 -7.947185 0.016036 0.985742 -0.167495 100.793556 0.360885 0.150519 0.920384 -5.461709 0.000000 0.000000 0.000000 1.000000
0.927462 -0.074020 -0.366517 -7.218720 0.013248 0.986100 -0.165625 100.813278 0.373682 0.148755 0.915551 -5.011819 0.000000 0.000000 0.000000 1.000000
0.922754 -0.072152 -0.378574 -6.460912 0.009941 0.986447 -0.163777 100.823685 0.385260 0.147362 0.910966 -4.536658 0.000000 0.000000 0.000000 1.000000
0.918754 -0.070046 -0.388567 -5.693118 0.006354 0.986633 -0.162835 100.836189 0.394779 0.147136 0.906918 -4.052936 0.000000 0.000000 0.000000 1.000000
0.915897 -0.067983 -0.395615 -4.925126 0.002894 0.986647 -0.162848 100.870987 0.401404 0.148007 0.903863 -3.578012 0.000000 0.000000 0.000000 1.000000
0.914368 -0.065852 -0.399493 -4.175241 -0.000444 0.986521 -0.163633 100.931587 0.404884 0.149798 0.902014 -3.130844 0.000000 0.000000 0.000000 1.000000
0.914094 -0.063436 -0.400511 -3.470495 -0.003887 0.986272 -0.165084 101.002884 0.405485 0.152459 0.901298 -2.727766 0.000000 0.000000 0.000000 1.000000
0.915090 -0.061117 -0.398592 -2.829561 -0.007262 0.985790 -0.167825 101.065475 0.403185 0.156469 0.901642 -2.369629 0.000000 0.000000 0.000000 1.000000
0.918000 -0.059612 -0.392075 -2.244488 -0.009714 0.984962 -0.172500 101.118622 0.396461 0.162163 0.903616 -2.039147 0.000000 0.000000 0.000000 1.000000
0.923625 -0.058562 -0.378798 -1.691714 -0.010430 0.984054 -0.177566 101.171280 0.383156 0.167955 0.908286 -1.721866 0.000000 0.000000 0.000000 1.000000
0.931186 -0.056575 -0.360128 -1.174198 -0.009964 0.983565 -0.180277 101.220314 0.364409 0.171460 0.915318 -1.432366 0.000000 0.000000 0.000000 1.000000
0.938268 -0.053160 -0.341800 -0.737023 -0.010097 0.983490 -0.180678 101.255356 0.345762 0.172975 0.922241 -1.207054 0.000000 0.000000 0.000000 1.000000
0.943218 -0.049325 -0.328490 -0.425981 -0.011707 0.983363 -0.181273 101.274590 0.331967 0.174826 0.926949 -1.061845 0.000000 0.000000 0.000000 1.000000
0.946842 -0.046009 -0.318393 -0.203134 -0.013602 0.983109 -0.182514 101.290131 0.321412 0.177142 0.930223 -0.962746 0.000000 0.000000 0.000000 1.000000
0.949383 -0.042924 -0.311176 -0.060113 -0.015803 0.982839 -0.183788 101.298065 0.313724 0.179403 0.932412 -0.901839 0.000000 0.000000 0.000000 1.000000
0.951175 -0.039744 -0.306083 0.013087 -0.018274 0.982684 -0.184387 101.303032 0.308111 0.180977 0.933978 -0.862475 0.000000 0.000000 0.000000 1.000000
0.952514 -0.037227 -0.302209 0.017308 -0.020145 0.982620 -0.184535 101.332321 0.303826 0.181860 0.935209 -0.843166 0.000000 0.000000 0.000000 1.000000</float_array><technique_common><accessor source="#Hips-Matrix-animation-output-transform-array" count="140" stride="16"><param type="float4x4"/></accessor></technique_common></source><source id="Hips-Interpolations"><Name_array id="Hips-Interpolations-array" count="140">
 LINEAR LINEAR LINEAR LINEAR LINEAR LINEAR LINEAR LINEAR LINEAR LINEAR LINEAR
LINEAR LINEAR LINEAR LINEAR LINEAR LINEAR LINEAR LINEAR LINEAR LINEAR LINEAR LINEAR
LINEAR LINEAR LINEAR LINEAR LINEAR LINEAR LINEAR LINEAR LINEAR LINEAR LINEAR LINEAR
LINEAR LINEAR LINEAR LINEAR LINEAR LINEAR LINEAR LINEAR LINEAR LINEAR LINEAR LINEAR
LINEAR LINEAR LINEAR LINEAR LINEAR LINEAR LINEAR LINEAR LINEAR LINEAR LINEAR LINEAR
LINEAR LINEAR LINEAR LINEAR LINEAR LINEAR LINEAR LINEAR LINEAR LINEAR LINEAR LINEAR
LINEAR LINEAR LINEAR LINEAR LINEAR LINEAR LINEAR LINEAR LINEAR LINEAR LINEAR LINEAR
LINEAR LINEAR LINEAR LINEAR LINEAR LINEAR LINEAR LINEAR LINEAR LINEAR LINEAR LINEAR
LINEAR LINEAR LINEAR LINEAR LINEAR LINEAR LINEAR LINEAR LINEAR LINEAR LINEAR LINEAR
LINEAR LINEAR LINEAR LINEAR LINEAR LINEAR LINEAR LINEAR LINEAR LINEAR LINEAR LINEAR
LINEAR LINEAR LINEAR LINEAR LINEAR LINEAR LINEAR LINEAR LINEAR LINEAR LINEAR LINEAR
LINEAR LINEAR LINEAR LINEAR LINEAR LINEAR LINEAR LINEAR LINEAR</Name_array><technique_common><accessor source="#Hips-Interpolations-array" count="140"><param type="name"/></accessor></technique_common></source><sampler id="Hips-Matrix-animation-transform"><input semantic="INPUT" source="#Hips-Matrix-animation-input"/><input semantic="OUTPUT" source="#Hips-Matrix-animation-output-transform"/><input semantic="INTERPOLATION" source="#Hips-Interpolations"/></sampler><channel source="#Hips-Matrix-animation-transform" target="Hips/matrix"/></animation>
    <animation id="Spine-anim" name="Spine"><source id="Spine-Matrix-animation-input"><float_array id="Spine-Matrix-animation-input-array" count="140">

0.000000 0.033333 0.066667 0.100000 0.133333 0.166667 0.200000 0.233333 0.266667 0.300000 0.333333 0.366667 0.400000 0.433333 0.466667 0.500000
0.533333 0.566667 0.600000 0.633333 0.666667 0.700000 0.733333 0.766667 0.800000 0.833333 0.866667 0.900000 0.933333 0.966667 1.000000 1.033333
1.066667 1.100000 1.133333 1.166667 1.200000 1.233333 1.266667 1.300000 1.333333 1.366667 1.400000 1.433333 1.466667 1.500000 1.533333 1.566667
1.600000 1.633333 1.666667 1.700000 1.733333 1.766667 1.800000 1.833333 1.866667 1.900000 1.933333 1.966667 2.000000 2.033333 2.066667 2.100000
2.133333 2.166667 2.200000 2.233333 2.266667 2.300000 2.333333 2.366667 2.400000 2.433333 2.466667 2.500000 2.533333 2.566667 2.600000 2.633333
2.666667 2.700000 2.733333 2.766667 2.800000 2.833333 2.866667 2.900000 2.933333 2.966667 3.000000 3.033333 3.066667 3.100000 3.133333 3.166667
3.200000 3.233333 3.266667 3.300000 3.333333 3.366667 3.400000 3.433333 3.466667 3.500000 3.533333 3.566667 3.600000 3.633333 3.666667 3.700000
3.733333 3.766667 3.800000 3.833333 3.866667 3.900000 3.933333 3.966667 4.000000 4.033333 4.066667 4.100000 4.133333 4.166667 4.200000 4.233333
4.266667 4.300000 4.333333 4.366667 4.400000 4.433333 4.466667 4.500000 4.533333 4.566667 4.600000 4.633333</float_array><technique_common><accessor source="#Spine-Matrix-animation-input-array" count="140"><param name="TIME" type="float"/></accessor></technique_common></source><source id="Spine-Matrix-animation-output-transform"><float_array id="Spine-Matrix-animation-output-transform-array" count="2240">

0.999550 0.005850 -0.029417 0.030900 -0.009348 0.992701 -0.120243 11.006600 0.028498 0.120464 0.992309 0.107900 0.000000 0.000000 0.000000 1.000000
0.999623 0.007491 -0.026400 0.030900 -0.010606 0.992729 -0.119905 11.006600 0.025310 0.120140 0.992434 0.107900 0.000000 0.000000 0.000000 1.000000
0.999677 0.010163 -0.023280 0.030900 -0.012827 0.993012 -0.117318 11.006600 0.021925 0.117579 0.992821 0.107900 0.000000 0.000000 0.000000 1.000000
0.999698 0.013668 -0.020437 0.030900 -0.015880 0.993546 -0.112315 11.006600 0.018770 0.112606 0.993462 0.107900 0.000000 0.000000 0.000000 1.000000
0.999688 0.016899 -0.018367 0.030900 -0.018738 0.994292 -0.105032 11.006600 0.016488 0.105343 0.994299 0.107900 0.000000 0.000000 0.000000 1.000000
0.999674 0.018691 -0.017371 0.030900 -0.020311 0.994947 -0.098327 11.006600 0.015446 0.098647 0.995003 0.107900 0.000000 0.000000 0.000000 1.000000
0.999661 0.018689 -0.018108 0.030900 -0.020338 0.995210 -0.095626 11.006600 0.016234 0.095962 0.995253 0.107900 0.000000 0.000000 0.000000 1.000000
0.999673 0.014988 -0.020728 0.030900 -0.016979 0.994899 -0.099438 11.006600 0.019132 0.099757 0.994828 0.107900 0.000000 0.000000 0.000000 1.000000
0.999681 0.007533 -0.024112 0.030900 -0.010154 0.993824 -0.110503 11.006600 0.023131 0.110713 0.993583 0.107900 0.000000 0.000000 0.000000 1.000000
0.999630 0.000380 -0.027188 0.030900 -0.003859 0.991762 -0.128039 11.006600 0.026915 0.128097 0.991396 0.107900 0.000000 0.000000 0.000000 1.000000
0.999521 -0.003079 -0.030783 0.030900 -0.001564 0.988733 -0.149681 11.006600 0.030897 0.149658 0.988255 0.107900 0.000000 0.000000 0.000000 1.000000
0.999342 -0.002797 -0.036167 0.030900 -0.003435 0.985245 -0.171118 11.006600 0.036111 0.171130 0.984586 0.107900 0.000000 0.000000 0.000000 1.000000
0.999105 -0.000295 -0.042309 0.030900 -0.007649 0.982239 -0.187480 11.006600 0.041612 0.187636 0.981357 0.107900 0.000000 0.000000 0.000000 1.000000
0.998910 0.003082 -0.046565 0.030900 -0.012187 0.980421 -0.196536 11.006600 0.045048 0.196889 0.979390 0.107900 0.000000 0.000000 0.000000 1.000000
0.998851 0.006441 -0.047498 0.030900 -0.015839 0.979619 -0.200241 11.006600 0.045240 0.200763 0.978595 0.107900 0.000000 0.000000 0.000000 1.000000
0.998944 0.008830 -0.045094 0.030900 -0.017772 0.979235 -0.201946 11.006600 0.042374 0.202534 0.978358 0.107900 0.000000 0.000000 0.000000 1.000000
0.999179 0.009555 -0.039377 0.030900 -0.017302 0.979358 -0.201390 11.006600 0.036640 0.201906 0.978719 0.107900 0.000000 0.000000 0.000000 1.000000
0.999483 0.009038 -0.030864 0.030900 -0.014843 0.981008 -0.193398 11.006600 0.028530 0.193756 0.980635 0.107900 0.000000 0.000000 0.000000 1.000000
0.999734 0.008115 -0.021567 0.030900 -0.011728 0.984839 -0.173073 11.006600 0.019835 0.173280 0.984673 0.107900 0.000000 0.000000 0.000000 1.000000
0.999886 0.006716 -0.013551 0.030900 -0.008575 0.989807 -0.142155 11.006600 0.012458 0.142255 0.989752 0.107900 0.000000 0.000000 0.000000 1.000000
0.999962 0.004583 -0.007417 0.030900 -0.005362 0.994060 -0.108704 11.006600 0.006875 0.108740 0.994046 0.107900 0.000000 0.000000 0.000000 1.000000
0.999993 0.001669 -0.003329 0.030900 -0.001931 0.996765 -0.080348 11.006600 0.003184 0.080354 0.996761 0.107900 0.000000 0.000000 0.000000 1.000000
0.999998 -0.001609 -0.001495 0.030900 0.001518 0.998266 -0.058846 11.006600 0.001588 0.058844 0.998266 0.107900 0.000000 0.000000 0.000000 1.000000
0.999992 -0.003923 -0.000803 0.030900 0.003887 0.999158 -0.040844 11.006600 0.000963 0.040840 0.999165 0.107900 0.000000 0.000000 0.000000 1.000000
0.999980 -0.006292 -0.000363 0.030900 0.006282 0.999728 -0.022472 11.006600 0.000504 0.022469 0.999747 0.107900 0.000000 0.000000 0.000000 1.000000
0.999969 -0.007758 -0.001158 0.030900 0.007755 0.999966 -0.002823 11.006600 0.001179 0.002814 0.999995 0.107900 0.000000 0.000000 0.000000 1.000000
0.999959 -0.008000 -0.004297 0.030900 0.008069 0.999835 0.016302 11.006600 0.004166 -0.016336 0.999858 0.107900 0.000000 0.000000 0.000000 1.000000
0.999944 -0.006284 -0.008527 0.030900 0.006560 0.999442 0.032741 11.006600 0.008316 -0.032795 0.999427 0.107900 0.000000 0.000000 0.000000 1.000000
0.999937 -0.001849 -0.011106 0.030900 0.002353 0.998963 0.045463 11.006600 0.011011 -0.045487 0.998904 0.107900 0.000000 0.000000 0.000000 1.000000
0.999941 0.003116 -0.010386 0.030900 -0.002544 0.998503 0.054631 11.006600 0.010541 -0.054601 0.998453 0.107900 0.000000 0.000000 0.000000 1.000000
0.999950 0.007179 -0.006974 0.030900 -0.006738 0.998098 0.061277 11.006600 0.007400 -0.061227 0.998096 0.107900 0.000000 0.000000 0.000000 1.000000
0.999945 0.010176 -0.002355 0.030900 -0.009997 0.997729 0.066604 11.006600 0.003027 -0.066577 0.997777 0.107900 0.000000 0.000000 0.000000 1.000000
0.999909 0.013328 0.002125 0.030900 -0.013445 0.997402 0.070766 11.006600 -0.001177 -0.070788 0.997491 0.107900 0.000000 0.000000 0.000000 1.000000
0.999849 0.016439 0.005631 0.030900 -0.016804 0.997217 0.072633 11.006600 -0.004421 -0.072717 0.997343 0.107900 0.000000 0.000000 0.000000 1.000000
0.999797 0.018334 0.008313 0.030900 -0.018879 0.997289 0.071119 11.006600 -0.006987 -0.071261 0.997433 0.107900 0.000000 0.000000 0.000000 1.000000
0.999764 0.018749 0.011015 0.030900 -0.019433 0.997650 0.065698 11.006600 -0.009757 -0.065896 0.997779 0.107900 0.000000 0.000000 0.000000 1.000000
0.999740 0.017845 0.014224 0.030900 -0.018602 0.998315 0.054970 11.006600 -0.013219 -0.055220 0.998387 0.107900 0.000000 0.000000 0.000000 1.000000
0.999637 0.020910 0.017015 0.030900 -0.021515 0.999112 0.036217 11.006600 -0.016243 -0.036570 0.999199 0.107900 0.000000 0.000000 0.000000 1.000000
0.999458 0.026705 0.019252 0.030900 -0.026860 0.999608 0.007835 11.006600 -0.019036 -0.008348 0.999784 0.107900 0.000000 0.000000 0.000000 1.000000
0.999265 0.032074 0.021003 0.030900 -0.031475 0.999105 -0.028240 11.006600 -0.021890 0.027559 0.999380 0.107900 0.000000 0.000000 0.000000 1.000000
0.999149 0.035262 0.021386 0.030900 -0.033771 0.997218 -0.066453 11.006600 -0.023669 0.065675 0.997560 0.107900 0.000000 0.000000 0.000000 1.000000
0.999131 0.036728 0.019728 0.030900 -0.034572 0.994356 -0.100306 11.006600 -0.023300 0.099537 0.994761 0.107900 0.000000 0.000000 0.000000 1.000000
0.999086 0.039859 0.015430 0.030900 -0.037590 0.991240 -0.126614 11.006600 -0.020341 0.125918 0.991832 0.107900 0.000000 0.000000 0.000000 1.000000
0.999008 0.043563 0.009190 0.030900 -0.041739 0.988231 -0.147166 11.006600 -0.015492 0.146636 0.989069 0.107900 0.000000 0.000000 0.000000 1.000000
0.999023 0.044178 0.001003 0.030900 -0.043402 0.985224 -0.165679 11.006600 -0.008308 0.165473 0.986179 0.107900 0.000000 0.000000 0.000000 1.000000
0.999134 0.040798 -0.008113 0.030900 -0.041594 0.982112 -0.183647 11.006600 0.000476 0.183825 0.982959 0.107900 0.000000 0.000000 0.000000 1.000000
0.999168 0.037905 -0.015062 0.030900 -0.040157 0.978865 -0.200526 11.006600 0.007143 0.200964 0.979573 0.107900 0.000000 0.000000 0.000000 1.000000
0.999081 0.038523 -0.018795 0.030900 -0.041685 0.975341 -0.216730 11.006600 0.009982 0.217315 0.976051 0.107900 0.000000 0.000000 0.000000 1.000000
0.998979 0.040439 -0.020123 0.030900 -0.044026 0.971326 -0.233641 11.006600 0.010098 0.234288 0.972115 0.107900 0.000000 0.000000 0.000000 1.000000
0.999010 0.039346 -0.020776 0.030900 -0.043301 0.967125 -0.250586 11.006600 0.010234 0.251238 0.967871 0.107900 0.000000 0.000000 0.000000 1.000000
0.999144 0.034934 -0.022149 0.030900 -0.039548 0.963687 -0.264091 11.006600 0.012119 0.264741 0.964244 0.107900 0.000000 0.000000 0.000000 1.000000
0.999247 0.030634 -0.023809 0.030900 -0.035946 0.961903 -0.271017 11.006600 0.014599 0.271669 0.962280 0.107900 0.000000 0.000000 0.000000 1.000000
0.999290 0.028481 -0.024658 0.030900 -0.034116 0.961778 -0.271697 11.006600 0.015978 0.272346 0.962067 0.107900 0.000000 0.000000 0.000000 1.000000
0.999303 0.028538 -0.024049 0.030900 -0.033972 0.962370 -0.269612 11.006600 0.015450 0.270241 0.962669 0.107900 0.000000 0.000000 0.000000 1.000000
0.999315 0.029651 -0.022141 0.030900 -0.034509 0.962734 -0.268241 11.006600 0.013363 0.268821 0.963097 0.107900 0.000000 0.000000 0.000000 1.000000
0.999352 0.030014 -0.019890 0.030900 -0.034255 0.962685 -0.268447 11.006600 0.011090 0.268955 0.963089 0.107900 0.000000 0.000000 0.000000 1.000000
0.999417 0.028881 -0.018227 0.030900 -0.032720 0.962643 -0.268791 11.006600 0.009783 0.269230 0.963026 0.107900 0.000000 0.000000 0.000000 1.000000
0.999481 0.027103 -0.017391 0.030900 -0.030772 0.962991 -0.267773 11.006600 0.009490 0.268169 0.963325 0.107900 0.000000 0.000000 0.000000 1.000000
0.999516 0.025993 -0.017113 0.030900 -0.029604 0.963709 -0.265308 11.006600 0.009595 0.265686 0.964012 0.107900 0.000000 0.000000 0.000000 1.000000
0.999505 0.026301 -0.017250 0.030900 -0.029907 0.964521 -0.262306 11.006600 0.009740 0.262692 0.964831 0.107900 0.000000 0.000000 0.000000 1.000000
0.999446 0.028097 -0.017827 0.030900 -0.031765 0.965197 -0.259588 11.006600 0.009913 0.260011 0.965555 0.107900 0.000000 0.000000 0.000000 1.000000
0.999353 0.030552 -0.018999 0.030900 -0.034417 0.965674 -0.257467 11.006600 0.010481 0.257954 0.966100 0.107900 0.000000 0.000000 0.000000 1.000000
0.999238 0.033185 -0.020535 0.030900 -0.037340 0.965976 -0.255922 11.006600 0.011344 0.256494 0.966479 0.107900 0.000000 0.000000 0.000000 1.000000
0.999102 0.035994 -0.022353 0.030900 -0.040506 0.966189 -0.254632 11.006600 0.012432 0.255309 0.966780 0.107900 0.000000 0.000000 0.000000 1.000000
0.998925 0.039374 -0.024484 0.030900 -0.044292 0.966502 -0.252807 11.006600 0.013710 0.253619 0.967207 0.107900 0.000000 0.000000 0.000000 1.000000
0.998700 0.043166 -0.027113 0.030900 -0.048577 0.967146 -0.249537 11.006600 0.015451 0.250530 0.967986 0.107900 0.000000 0.000000 0.000000 1.000000
0.998457 0.046550 -0.030286 0.030900 -0.052559 0.968201 -0.244590 11.006600 0.017937 0.245804 0.969153 0.107900 0.000000 0.000000 0.000000 1.000000
0.998232 0.049250 -0.033286 0.030900 -0.055792 0.969488 -0.238705 11.006600 0.020514 0.240140 0.970522 0.107900 0.000000 0.000000 0.000000 1.000000
0.998051 0.051614 -0.035065 0.030900 -0.058389 0.970698 -0.233101 11.006600 0.022006 0.234694 0.971820 0.107900 0.000000 0.000000 0.000000 1.000000
0.997934 0.053590 -0.035451 0.030900 -0.060299 0.971656 -0.228578 11.006600 0.022197 0.230243 0.972880 0.107900 0.000000 0.000000 0.000000 1.000000
0.997869 0.054809 -0.035401 0.030900 -0.061393 0.972428 -0.224976 11.006600 0.022094 0.226670 0.973721 0.107900 0.000000 0.000000 0.000000 1.000000
0.997816 0.055326 -0.036094 0.030900 -0.061972 0.973196 -0.221470 11.006600 0.022874 0.223223 0.974499 0.107900 0.000000 0.000000 0.000000 1.000000
0.997724 0.055726 -0.037979 0.030900 -0.062682 0.974053 -0.217466 11.006600 0.024875 0.219352 0.975329 0.107900 0.000000 0.000000 0.000000 1.000000
0.997591 0.056235 -0.040622 0.030900 -0.063641 0.974921 -0.213257 11.006600 0.027610 0.215329 0.976151 0.107900 0.000000 0.000000 0.000000 1.000000
0.997478 0.056230 -0.043312 0.030900 -0.064103 0.975680 -0.209616 11.006600 0.030472 0.211864 0.976824 0.107900 0.000000 0.000000 0.000000 1.000000
0.997428 0.055247 -0.045673 0.030900 -0.063543 0.976340 -0.206692 11.006600 0.033173 0.209063 0.977339 0.107900 0.000000 0.000000 0.000000 1.000000
0.997411 0.053856 -0.047652 0.030900 -0.062489 0.977032 -0.203722 11.006600 0.035586 0.206172 0.977868 0.107900 0.000000 0.000000 0.000000 1.000000
0.997380 0.052941 -0.049304 0.030900 -0.061794 0.977829 -0.200079 11.006600 0.037618 0.202601 0.978538 0.107900 0.000000 0.000000 0.000000 1.000000
0.997324 0.052601 -0.050768 0.030900 -0.061603 0.978622 -0.196224 11.006600 0.039361 0.198826 0.979244 0.107900 0.000000 0.000000 0.000000 1.000000
0.997283 0.052172 -0.052008 0.030900 -0.061305 0.979234 -0.193243 11.006600 0.040846 0.195907 0.979772 0.107900 0.000000 0.000000 0.000000 1.000000
0.997312 0.051021 -0.052594 0.030900 -0.060224 0.979605 -0.191693 11.006600 0.041741 0.194346 0.980045 0.107900 0.000000 0.000000 0.000000 1.000000
0.997448 0.049039 -0.051898 0.030900 -0.058122 0.979823 -0.191227 11.006600 0.041473 0.193756 0.980173 0.107900 0.000000 0.000000 0.000000 1.000000
0.997678 0.046688 -0.049588 0.030900 -0.055363 0.979990 -0.191191 11.006600 0.039669 0.193493 0.980299 0.107900 0.000000 0.000000 0.000000 1.000000
0.997950 0.044518 -0.045980 0.030900 -0.052537 0.980125 -0.191300 11.006600 0.036549 0.193323 0.980454 0.107900 0.000000 0.000000 0.000000 1.000000
0.998221 0.042606 -0.041710 0.030900 -0.049849 0.980173 -0.191772 11.006600 0.032712 0.193510 0.980553 0.107900 0.000000 0.000000 0.000000 1.000000
0.998483 0.040546 -0.037256 0.030900 -0.046998 0.980084 -0.192943 11.006600 0.028691 0.194401 0.980502 0.107900 0.000000 0.000000 0.000000 1.000000
0.998742 0.037686 -0.033066 0.030900 -0.043422 0.979891 -0.194753 11.006600 0.025062 0.195944 0.980295 0.107900 0.000000 0.000000 0.000000 1.000000
0.998992 0.033655 -0.029689 0.030900 -0.038849 0.979706 -0.196637 11.006600 0.022469 0.197593 0.980027 0.107900 0.000000 0.000000 0.000000 1.000000
