<?xml version="1.0" encoding="utf-8"?>
<COLLADA xmlns="http://www.collada.org/2005/11/COLLADASchema" version="1.4.1">
  <asset><contributor><author>Mixamo</author><authoring_tool>COLLADA Mixamo exporter</authoring_tool><comments></comments></contributor><created>2021-01-05T12:18:20Z</created><modified>2021-01-05T12:18:20Z</modified><revision></revision><title></title><unit meter="0.010000"/><up_axis>Y_UP</up_axis></asset>
  <library_animations>
    <animation id="Zombie_Hips-anim" name="Zombie_Hips"><source id="Zombie_Hips-Matrix-animation-input"><float_array id="Zombie_Hips-Matrix-animation-input-array" count="64">

0.000000 0.033333 0.066667 0.100000 0.133333 0.166667 0.200000 0.233333 0.266667 0.300000 0.333333 0.366667 0.400000 0.433333 0.466667 0.500000
0.533333 0.566667 0.600000 0.633333 0.666667 0.700000 0.733333 0.766667 0.800000 0.833333 0.866667 0.900000 0.933333 0.966667 1.000000 1.033333
1.066667 1.100000 1.133333 1.166667 1.200000 1.233333 1.266667 1.300000 1.333333 1.366667 1.400000 1.433333 1.466667 1.500000 1.533333 1.566667
1.600000 1.633333 1.666667 1.700000 1.733333 1.766667 1.800000 1.833333 1.866667 1.900000 1.933333 1.966667 2.000000 2.033333 2.066667 2.100000</float_array><technique_common><accessor source="#Zombie_Hips-Matrix-animation-input-array" count="64"><param name="TIME" type="float"/></accessor></technique_common></source><source id="Zombie_Hips-Matrix-animation-output-transform"><float_array id="Zombie_Hips-Matrix-animation-output-transform-array" count="1024">

0.999469 -0.030147 0.012337 -0.644691 0.029877 0.999322 0.021525 87.497551 -0.012977 -0.021145 0.999692 -0.201123 0.000000 0.000000 0.000000 1.000000
0.993789 -0.028494 -0.107574 -0.424427 0.017696 0.994827 -0.100028 87.146431 0.109867 0.097503 0.989152 -1.077179 0.000000 0.000000 0.000000 1.000000
0.988103 -0.018710 -0.152649 -0.695528 -0.005401 0.987738 -0.156029 87.131699 0.153696 0.154997 0.975886 -1.838067 0.000000 0.000000 0.000000 1.000000
0.991086 -0.015842 -0.132279 -1.447953 -0.006233 0.986304 -0.164822 87.428894 0.133079 0.164178 0.977413 -2.504530 0.000000 0.000000 0.000000 1.000000
0.997176 -0.035298 -0.066291 -2.543492 0.025614 0.989588 -0.141630 88.191010 0.070600 0.139532 0.987698 -2.920873 0.000000 0.000000 0.000000 1.000000
0.997059 -0.076319 0.007051 -3.716501 0.076636 0.991370 -0.106360 89.313446 0.001127 0.106587 0.994303 -3.252074 0.000000 0.000000 0.000000 1.000000
0.990721 -0.122416 0.059041 -4.670096 0.126834 0.988852 -0.078009 90.425949 -0.048834 0.084774 0.995203 -3.821832 0.000000 0.000000 0.000000 1.000000
0.983971 -0.157646 0.083355 -5.245670 0.163417 0.984237 -0.067619 91.326637 -0.071381 0.080157 0.994223 -4.758689 0.000000 0.000000 0.000000 1.000000
0.980291 -0.175796 0.090140 -5.433289 0.182660 0.980347 -0.074529 91.910500 -0.075267 0.089525 0.993137 -6.008493 0.000000 0.000000 0.000000 1.000000
0.979093 -0.180995 0.092835 -5.320869 0.189318 0.977745 -0.090405 92.146828 -0.074407 0.106090 0.991569 -7.422441 0.000000 0.000000 0.000000 1.000000
0.978765 -0.179329 0.099303 -5.013124 0.189686 0.975986 -0.107098 92.081871 -0.077712 0.123660 0.989277 -8.833491 0.000000 0.000000 0.000000 1.000000
0.978043 -0.176597 0.110657 -4.626777 0.189532 0.974520 -0.119953 91.721054 -0.086654 0.138292 0.986593 -10.117349 0.000000 0.000000 0.000000 1.000000
0.977495 -0.172369 0.121622 -4.245170 0.187720 0.973758 -0.128671 91.129135 -0.096252 0.148607 0.984201 -11.119201 0.000000 0.000000 0.000000 1.000000
0.979234 -0.161873 0.122061 -3.848223 0.178039 0.974604 -0.135832 90.369179 -0.096973 0.154742 0.983184 -11.659956 0.000000 0.000000 0.000000 1.000000
0.984874 -0.140834 0.100939 -3.502458 0.154402 0.977692 -0.142406 89.382828 -0.078632 0.155837 0.984648 -11.422865 0.000000 0.000000 0.000000 1.000000
0.992060 -0.113013 0.055178 -3.160858 0.119934 0.982190 -0.144632 88.133781 -0.037850 0.150101 0.987946 -10.434834 0.000000 0.000000 0.000000 1.000000
0.996180 -0.087318 -0.000247 -2.856199 0.086452 0.986685 -0.137767 86.715942 0.012274 0.137220 0.990465 -8.945128 0.000000 0.000000 0.000000 1.000000
0.995947 -0.078797 -0.043373 -2.570918 0.072776 0.989327 -0.126237 84.968056 0.052857 0.122568 0.991052 -7.749182 0.000000 0.000000 0.000000 1.000000
0.993449 -0.099175 -0.056776 -2.253116 0.091781 0.988446 -0.120627 82.439613 0.068084 0.114625 0.991073 -8.019975 0.000000 0.000000 0.000000 1.000000
0.992433 -0.117345 -0.036160 -1.673830 0.111906 0.985569 -0.127003 81.013023 0.050541 0.121996 0.991243 -8.732173 0.000000 0.000000 0.000000 1.000000
0.992876 -0.119070 0.004525 -0.591101 0.118478 0.982479 -0.143869 80.725800 0.012685 0.143380 0.989586 -9.834501 0.000000 0.000000 0.000000 1.000000
0.993949 -0.096073 0.053243 0.936669 0.103683 0.980652 -0.166045 81.629791 -0.036261 0.170561 0.984680 -10.908476 0.000000 0.000000 0.000000 1.000000
0.992834 -0.052344 0.107429 2.609554 0.072042 0.979411 -0.188583 83.287956 -0.095346 0.194971 0.976164 -11.580834 0.000000 0.000000 0.000000 1.000000
0.985093 -0.002737 0.172002 4.008996 0.039055 0.977321 -0.208128 85.010834 -0.167532 0.211743 0.962859 -11.909866 0.000000 0.000000 0.000000 1.000000
0.967812 0.037223 0.248905 4.853280 0.019585 0.974863 -0.221941 86.328369 -0.250910 0.219672 0.942756 -12.125182 0.000000 0.000000 0.000000 1.000000
0.941681 0.062163 0.330716 5.263169 0.015199 0.973929 -0.226343 87.006149 -0.336165 0.218170 0.916185 -12.424107 0.000000 0.000000 0.000000 1.000000
0.911248 0.074728 0.405022 5.435940 0.017508 0.975484 -0.219372 87.042038 -0.411486 0.206993 0.887600 -12.799706 0.000000 0.000000 0.000000 1.000000
0.883232 0.080523 0.461972 5.569051 0.017789 0.978685 -0.204597 86.695023 -0.468599 0.188925 0.862973 -13.118504 0.000000 0.000000 0.000000 1.000000
0.862838 0.084287 0.498404 5.779871 0.013896 0.981672 -0.190071 86.266403 -0.505290 0.170926 0.845852 -13.265446 0.000000 0.000000 0.000000 1.000000
0.851875 0.085653 0.516694 6.137897 0.012199 0.983024 -0.183070 85.907806 -0.523604 0.162255 0.836369 -13.282416 0.000000 0.000000 0.000000 1.000000
0.849524 0.080117 0.521431 6.686281 0.021552 0.982305 -0.186044 85.533531 -0.527110 0.169287 0.832765 -13.217498 0.000000 0.000000 0.000000 1.000000
0.853870 0.064800 0.516438 7.415801 0.043563 0.979841 -0.194972 85.001137 -0.518661 0.188978 0.833834 -13.092595 0.000000 0.000000 0.000000 1.000000
0.862465 0.039728 0.504555 8.299471 0.073088 0.976688 -0.201837 84.046341 -0.500811 0.210955 0.839456 -12.791279 0.000000 0.000000 0.000000 1.000000
0.873379 0.012731 0.486875 9.184927 0.097042 0.975066 -0.199574 82.972466 -0.477276 0.221551 0.850366 -12.327002 0.000000 0.000000 0.000000 1.000000
0.885117 -0.008642 0.465288 9.803079 0.107661 0.976506 -0.186667 82.039101 -0.452743 0.215316 0.865253 -11.759175 0.000000 0.000000 0.000000 1.000000
0.895880 -0.022156 0.443743 9.942239 0.108038 0.979642 -0.169205 81.289330 -0.430960 0.199528 0.880035 -11.192023 0.000000 0.000000 0.000000 1.000000
0.906064 -0.025811 0.422353 9.551737 0.101474 0.982266 -0.157662 80.390343 -0.410793 0.185710 0.892615 -11.147535 0.000000 0.000000 0.000000 1.000000
0.918845 -0.035312 0.393035 9.081041 0.106491 0.981225 -0.160800 79.775520 -0.379978 0.189605 0.905354 -11.266119 0.000000 0.000000 0.000000 1.000000
0.935510 -0.068757 0.346546 8.532662 0.138418 0.973795 -0.180455 80.540192 -0.325057 0.216785 0.920512 -10.876528 0.000000 0.000000 0.000000 1.000000
0.952858 -0.114854 0.280838 7.819647 0.178052 0.961123 -0.211045 82.010437 -0.245681 0.251100 0.936264 -10.558940 0.000000 0.000000 0.000000 1.000000
0.966693 -0.159682 0.200017 7.133093 0.206900 0.947587 -0.243459 83.649933 -0.150657 0.276733 0.949063 -10.625654 0.000000 0.000000 0.000000 1.000000
0.974056 -0.195618 0.113793 6.683537 0.219765 0.937656 -0.269268 85.183517 -0.054025 0.287289 0.956319 -11.043345 0.000000 0.000000 0.000000 1.000000
0.974421 -0.222079 0.034424 6.574869 0.222579 0.932554 -0.284257 86.452171 0.031025 0.284648 0.958130 -11.650141 0.000000 0.000000 0.000000 1.000000
0.969945 -0.241645 -0.028533 6.795097 0.223447 0.930986 -0.288681 87.369751 0.096322 0.273629 0.957000 -12.274206 0.000000 0.000000 0.000000 1.000000
0.964323 -0.254796 -0.071831 7.246046 0.225011 0.931848 -0.284657 87.895508 0.139465 0.258338 0.955935 -12.738885 0.000000 0.000000 0.000000 1.000000
0.960890 -0.258579 -0.099137 7.762565 0.223369 0.935286 -0.274495 88.006134 0.163700 0.241615 0.956465 -12.866187 0.000000 0.000000 0.000000 1.000000
0.960942 -0.249865 -0.118986 8.196296 0.212647 0.941798 -0.260380 87.643677 0.177120 0.224908 0.958146 -12.518023 0.000000 0.000000 0.000000 1.000000
0.963712 -0.226932 -0.140574 8.456614 0.188446 0.951328 -0.243852 86.721397 0.189070 0.208513 0.959570 -11.608521 0.000000 0.000000 0.000000 1.000000
0.964863 -0.202497 -0.167436 8.611500 0.162702 0.960813 -0.224423 85.740601 0.206320 0.189296 0.960000 -10.395893 0.000000 0.000000 0.000000 1.000000
0.961915 -0.185347 -0.200915 8.808727 0.144523 0.968720 -0.201730 84.781532 0.232020 0.165010 0.958613 -9.069787 0.000000 0.000000 0.000000 1.000000
0.954165 -0.183758 -0.236225 8.837595 0.143332 0.973479 -0.178311 84.125893 0.262726 0.136280 0.955198 -7.887075 0.000000 0.000000 0.000000 1.000000
0.940679 -0.208675 -0.267539 9.001785 0.170534 0.972456 -0.158894 83.342552 0.293327 0.103844 0.950356 -7.527146 0.000000 0.000000 0.000000 1.000000
0.929190 -0.234076 -0.286033 9.071987 0.199401 0.969087 -0.145293 83.152229 0.311200 0.077969 0.947141 -7.289383 0.000000 0.000000 0.000000 1.000000
0.927571 -0.242019 -0.284674 8.909146 0.211340 0.968123 -0.134440 83.787788 0.308136 0.064539 0.949151 -6.976894 0.000000 0.000000 0.000000 1.000000
0.937805 -0.228039 -0.261762 8.498765 0.202429 0.971752 -0.121324 84.803459 0.282035 0.060790 0.957476 -6.717062 0.000000 0.000000 0.000000 1.000000
0.956248 -0.192803 -0.220040 7.858018 0.173711 0.979371 -0.103231 86.119827 0.235404 0.060491 0.970013 -6.537119 0.000000 0.000000 0.000000 1.000000
0.975239 -0.144757 -0.167194 7.072669 0.132738 0.987835 -0.081015 87.648384 0.176888 0.056816 0.982590 -6.174359 0.000000 0.000000 0.000000 1.000000
0.988467 -0.100530 -0.113251 6.187220 0.094417 0.993835 -0.058117 89.182655 0.118395 0.046754 0.991865 -5.479659 0.000000 0.000000 0.000000 1.000000
0.994295 -0.075167 -0.075679 5.159580 0.072251 0.996561 -0.040567 90.287880 0.078468 0.034868 0.996307 -4.710848 0.000000 0.000000 0.000000 1.000000
0.996849 -0.060240 -0.051606 4.107843 0.058930 0.997909 -0.026535 90.932663 0.053096 0.023411 0.998315 -3.853262 0.000000 0.000000 0.000000 1.000000
0.998273 -0.048359 -0.033343 2.995014 0.047917 0.998754 -0.013934 90.765587 0.033976 0.012313 0.999347 -2.938064 0.000000 0.000000 0.000000 1.000000
0.998980 -0.041173 -0.018546 1.792607 0.041141 0.999151 -0.002125 89.857841 0.018618 0.001359 0.999826 -1.988993 0.000000 0.000000 0.000000 1.000000
0.999262 -0.038043 -0.005288 0.573708 0.038093 0.999228 0.009600 88.707108 0.004919 -0.009794 0.999940 -1.025800 0.000000 0.000000 0.000000 1.000000
0.999471 -0.030089 0.012339 -0.640057 0.029819 0.999324 0.021526 87.498695 -0.012979 -0.021146 0.999692 -0.196678 0.000000 0.000000 0.000000 1.000000</float_array><technique_common><accessor source="#Zombie_Hips-Matrix-animation-output-transform-array" count="64" stride="16"><param type="float4x4"/></accessor></technique_common></source><source id="Zombie_Hips-Interpolations"><Name_array id="Zombie_Hips-Interpolations-array" count="64">
 LINEAR LINEAR LINEAR LINEAR LINEAR LINEAR LINEAR LINEAR LINEAR LINEAR LINEAR
LINEAR LINEAR LINEAR LINEAR LINEAR LINEAR LINEAR LINEAR LINEAR LINEAR LINEAR LINEAR
LINEAR LINEAR LINEAR LINEAR LINEAR LINEAR LINEAR LINEAR LINEAR LINEAR LINEAR LINEAR
LINEAR LINEAR LINEAR LINEAR LINEAR LINEAR LINEAR LINEAR LINEAR LINEAR LINEAR LINEAR
LINEAR LINEAR LINEAR LINEAR LINEAR LINEAR LINEAR LINEAR LINEAR LINEAR LINEAR LINEAR
LINEAR LINEAR LINEAR LINEAR LINEAR</Name_array><technique_common><accessor source="#Zombie_Hips-Interpolations-array" count="64"><param type="name"/></accessor></technique_common></source><sampler id="Zombie_Hips-Matrix-animation-transform"><input semantic="INPUT" source="#Zombie_Hips-Matrix-animation-input"/><input semantic="OUTPUT" source="#Zombie_Hips-Matrix-animation-output-transform"/><input semantic="INTERPOLATION" source="#Zombie_Hips-Interpolations"/></sampler><channel source="#Zombie_Hips-Matrix-animation-transform" target="Zombie_Hips/matrix"/></animation>
    <animation id="Zombie_Spine-anim" name="Zombie_Spine"><source id="Zombie_Spine-Matrix-animation-input"><float_array id="Zombie_Spine-Matrix-animation-input-array" count="64">

0.000000 0.033333 0.066667 0.100000 0.133333 0.166667 0.200000 0.233333 0.266667 0.300000 0.333333 0.366667 0.400000 0.433333 0.466667 0.500000
0.533333 0.566667 0.600000 0.633333 0.666667 0.700000 0.733333 0.766667 0.800000 0.833333 0.866667 0.900000 0.933333 0.966667 1.000000 1.033333
1.066667 1.100000 1.133333 1.166667 1.200000 1.233333 1.266667 1.300000 1.333333 1.366667 1.400000 1.433333 1.466667 1.500000 1.533333 1.566667
1.600000 1.633333 1.666667 1.700000 1.733333 1.766667 1.800000 1.833333 1.866667 1.900000 1.933333 1.966667 2.000000 2.033333 2.066667 2.100000</float_array><technique_common><accessor source="#Zombie_Spine-Matrix-animation-input-array" count="64"><param name="TIME" type="float"/></accessor></technique_common></source><source id="Zombie_Spine-Matrix-animation-output-transform"><float_array id="Zombie_Spine-Matrix-animation-output-transform-array" count="1024">

0.982176 -0.125932 -0.139539 -0.000000 0.119388 0.991359 -0.054349 9.226300 0.145178 0.036721 0.988724 1.577100 0.000000 0.000000 0.000000 1.000000
0.987973 -0.111888 -0.106728 -0.000000 0.109258 0.993555 -0.030196 9.226300 0.109418 0.018171 0.993830 1.577100 0.000000 0.000000 0.000000 1.000000
0.990179 -0.106977 -0.090009 0.000000 0.105480 0.994195 -0.021232 9.226300 0.091758 0.011529 0.995715 1.577100 0.000000 0.000000 0.000000 1.000000
0.991114 -0.102023 -0.085352 -0.000000 0.100501 0.994695 -0.021951 9.226300 0.087139 0.013178 0.996109 1.577100 0.000000 0.000000 0.000000 1.000000
0.992575 -0.084067 -0.087912 0.000000 0.081948 0.996259 -0.027443 9.226300 0.089890 0.020035 0.995750 1.577100 0.000000 0.000000 0.000000 1.000000
0.994682 -0.049631 -0.090243 0.000000 0.046791 0.998349 -0.033322 9.226300 0.091747 0.028922 0.995362 1.577100 0.000000 0.000000 0.000000 1.000000
0.996124 -0.007503 -0.087638 0.000000 0.004098 0.999232 -0.038977 9.226300 0.087863 0.038467 0.995390 1.577100 0.000000 0.000000 0.000000 1.000000
0.996386 0.031207 -0.078994 -0.000000 -0.034924 0.998325 -0.046115 9.226300 0.077423 0.048707 0.995808 1.577100 0.000000 0.000000 0.000000 1.000000
0.996113 0.058945 -0.065453 0.000000 -0.062659 0.996450 -0.056221 9.226300 0.061906 0.060103 0.996271 1.577100 0.000000 0.000000 0.000000 1.000000
0.996045 0.074268 -0.048772 0.000000 -0.077550 0.994581 -0.069246 9.226300 0.043365 0.072755 0.996407 1.577100 0.000000 0.000000 0.000000 1.000000
0.996479 0.078124 -0.030426 0.000000 -0.080433 0.993212 -0.084027 9.226300 0.023655 0.086178 0.995999 1.577100 0.000000 0.000000 0.000000 1.000000
0.997065 0.075700 -0.011407 0.000000 -0.076456 0.992210 -0.098359 9.226300 0.003872 0.098943 0.995086 1.577100 0.000000 0.000000 0.000000 1.000000
0.997453 0.070916 0.007646 0.000000 -0.069655 0.991534 -0.109580 9.226300 -0.015353 0.108768 0.993949 1.577100 0.000000 0.000000 0.000000 1.000000
0.997460 0.066392 0.025794 0.000000 -0.062988 0.991282 -0.115729 9.226300 -0.033252 0.113811 0.992946 1.577100 0.000000 0.000000 0.000000 1.000000
0.997063 0.063473 0.042849 0.000000 -0.058097 0.991455 -0.116799 9.226300 -0.049897 0.113967 0.992231 1.577100 0.000000 0.000000 0.000000 1.000000
0.996207 0.065286 0.057532 -0.000000 -0.058326 0.991616 -0.115305 9.226300 -0.064578 0.111512 0.991663 1.577100 0.000000 0.000000 0.000000 1.000000
0.995379 0.070581 0.065107 0.000000 -0.062813 0.991436 -0.114494 9.226300 -0.072631 0.109875 0.991288 1.577100 0.000000 0.000000 0.000000 1.000000
0.994570 0.081275 0.064999 0.000000 -0.073356 0.990524 -0.116104 9.226300 -0.073819 0.110706 0.991108 1.577100 0.000000 0.000000 0.000000 1.000000
0.993042 0.102851 0.057344 0.000000 -0.095418 0.988178 -0.119996 9.226300 -0.069008 0.113690 0.991117 1.577100 0.000000 0.000000 0.000000 1.000000
0.992926 0.109710 0.045401 -0.000000 -0.103450 0.987038 -0.122697 9.226300 -0.058274 0.117132 0.991405 1.577100 0.000000 0.000000 0.000000 1.000000
0.994284 0.100890 0.034926 0.000000 -0.095928 0.987813 -0.122570 9.226300 -0.046867 0.118519 0.991845 1.577100 0.000000 0.000000 0.000000 1.000000
0.996697 0.076247 0.027968 0.000000 -0.072443 0.990341 -0.118221 9.226300 -0.036712 0.115804 0.992593 1.577100 0.000000 0.000000 0.000000 1.000000
0.999022 0.037702 0.023096 0.000000 -0.034968 0.993412 -0.109131 9.226300 -0.027059 0.108217 0.993759 1.577100 0.000000 0.000000 0.000000 1.000000
0.999843 -0.007600 0.016026 0.000000 0.009122 0.995228 -0.097152 9.226300 -0.015211 0.097283 0.995141 1.577100 0.000000 0.000000 0.000000 1.000000
0.998826 -0.048293 0.003740 0.000000 0.048436 0.995068 -0.086562 9.226300 0.000458 0.086642 0.996239 1.577100 0.000000 0.000000 0.000000 1.000000
0.996995 -0.076481 -0.012329 0.000000 0.075238 0.993865 -0.081069 9.226300 0.018454 0.079898 0.996632 1.577100 0.000000 0.000000 0.000000 1.000000
0.995487 -0.090680 -0.027972 -0.000000 0.088140 0.992763 -0.081563 9.226300 0.035166 0.078729 0.996276 1.577100 0.000000 0.000000 0.000000 1.000000
0.994638 -0.095670 -0.039276 -0.000000 0.092011 0.992013 -0.086282 9.226300 0.047217 0.082205 0.995496 1.577100 0.000000 0.000000 0.000000 1.000000
0.994043 -0.099506 -0.044453 0.000000 0.095087 0.991172 -0.092397 9.226300 0.053255 0.087620 0.994729 1.577100 0.000000 0.000000 0.000000 1.000000
0.993355 -0.106050 -0.044703 0.000000 0.101331 0.990100 -0.097128 9.226300 0.054560 0.091952 0.994268 1.577100 0.000000 0.000000 0.000000 1.000000
0.992604 -0.113361 -0.043428 0.000000 0.108651 0.989171 -0.098674 9.226300 0.054144 0.093226 0.994172 1.577100 0.000000 0.000000 0.000000 1.000000
0.991996 -0.118341 -0.044030 0.000000 0.113622 0.988725 -0.097536 9.226300 0.055076 0.091753 0.994258 1.577100 0.000000 0.000000 0.000000 1.000000
0.991860 -0.117587 -0.048865 0.000000 0.112479 0.988941 -0.096669 9.226300 0.059691 0.090386 0.994116 1.577100 0.000000 0.000000 0.000000 1.000000
0.991959 -0.113688 -0.055609 0.000000 0.107815 0.989213 -0.099164 9.226300 0.066283 0.092371 0.993516 1.577100 0.000000 0.000000 0.000000 1.000000
0.992239 -0.108751 -0.060291 0.000000 0.101977 0.989136 -0.105882 9.226300 0.071151 0.098912 0.992549 1.577100 0.000000 0.000000 0.000000 1.000000
0.992817 -0.102303 -0.062037 0.000000 0.094744 0.988895 -0.114503 9.226300 0.073063 0.107803 0.991484 1.577100 0.000000 0.000000 0.000000 1.000000
0.993346 -0.098046 -0.060426 0.000000 0.090211 0.988543 -0.121015 9.226300 0.071599 0.114759 0.990810 1.577100 0.000000 0.000000 0.000000 1.000000
0.995066 -0.082991 -0.054377 0.000000 0.075886 0.989654 -0.121764 9.226300 0.063920 0.117036 0.991068 1.577100 0.000000 0.000000 0.000000 1.000000
0.998055 -0.042644 -0.045471 0.000000 0.037097 0.992494 -0.116531 9.226300 0.050099 0.114617 0.992146 1.577100 0.000000 0.000000 0.000000 1.000000
0.999321 0.007534 -0.036057 0.000000 -0.011443 0.993923 -0.109483 9.226300 0.035014 0.109821 0.993334 1.577100 0.000000 0.000000 0.000000 1.000000
0.998236 0.052806 -0.027151 -0.000000 -0.055364 0.993015 -0.104197 9.226300 0.021459 0.105516 0.994186 1.577100 0.000000 0.000000 0.000000 1.000000
0.996010 0.087133 -0.019285 0.000000 -0.088655 0.990819 -0.102073 9.226300 0.010214 0.103375 0.994590 1.577100 0.000000 0.000000 0.000000 1.000000
0.993721 0.111103 -0.013185 0.000000 -0.111872 0.988373 -0.102970 9.226300 0.001592 0.103798 0.994597 1.577100 0.000000 0.000000 0.000000 1.000000
0.991855 0.127037 -0.009266 -0.000000 -0.127300 0.986154 -0.106276 9.226300 -0.004363 0.106590 0.994293 1.577100 0.000000 0.000000 0.000000 1.000000
0.990768 0.135416 -0.006453 0.000000 -0.135291 0.984561 -0.111070 9.226300 -0.008687 0.110918 0.993792 1.577100 0.000000 0.000000 0.000000 1.000000
0.990716 0.135925 -0.002298 0.000000 -0.135275 0.984021 -0.115775 9.226300 -0.013475 0.115011 0.993273 1.577100 0.000000 0.000000 0.000000 1.000000
0.991415 0.130653 0.005029 -0.000000 -0.129143 0.984517 -0.118522 9.226300 -0.020437 0.116855 0.992939 1.577100 0.000000 0.000000 0.000000 1.000000
0.992520 0.121102 0.015462 0.000000 -0.118442 0.985854 -0.118590 9.226300 -0.029604 0.115871 0.992823 1.577100 0.000000 0.000000 0.000000 1.000000
0.992962 0.116133 0.023229 0.000000 -0.112675 0.986750 -0.116742 9.226300 -0.036479 0.113303 0.992891 1.577100 0.000000 0.000000 0.000000 1.000000
0.993100 0.114198 0.026684 -0.000000 -0.110481 0.987349 -0.113737 9.226300 -0.039335 0.110004 0.993153 1.577100 0.000000 0.000000 0.000000 1.000000
0.992961 0.115816 0.024794 0.000000 -0.112404 0.987453 -0.110910 9.226300 -0.037328 0.107343 0.993521 1.577100 0.000000 0.000000 0.000000 1.000000
0.990941 0.132893 0.019379 0.000000 -0.130047 0.985548 -0.108547 9.226300 -0.033524 0.105043 0.993902 1.577100 0.000000 0.000000 0.000000 1.000000
0.989169 0.146137 0.013708 0.000000 -0.143927 0.984031 -0.104731 9.226300 -0.028794 0.101624 0.994406 1.577100 0.000000 0.000000 0.000000 1.000000
0.989125 0.146842 0.008296 0.000000 -0.145327 0.984476 -0.098419 9.226300 -0.022619 0.096143 0.995111 1.577100 0.000000 0.000000 0.000000 1.000000
0.990745 0.135715 0.002429 0.000000 -0.134948 0.986757 -0.089995 9.226300 -0.014610 0.088834 0.995939 1.577100 0.000000 0.000000 0.000000 1.000000
0.993650 0.112411 -0.004810 0.000000 -0.112429 0.990334 -0.081234 9.226300 -0.004368 0.081259 0.996683 1.577100 0.000000 0.000000 0.000000 1.000000
0.996674 0.080357 -0.013546 0.000000 -0.081146 0.993918 -0.074444 9.226300 0.007482 0.075296 0.997133 1.577100 0.000000 0.000000 0.000000 1.000000
0.998725 0.044637 -0.023596 0.000000 -0.046205 0.996423 -0.070750 9.226300 0.020353 0.071750 0.997215 1.577100 0.000000 0.000000 0.000000 1.000000
0.999329 0.007013 -0.035951 0.000000 -0.009497 0.997544 -0.069397 9.226300 0.035376 0.069692 0.996941 1.577100 0.000000 0.000000 0.000000 1.000000
0.998440 -0.022743 -0.051000 -0.000000 0.019232 0.997479 -0.068313 9.226300 0.052425 0.067226 0.996360 1.577100 0.000000 0.000000 0.000000 1.000000
0.996233 -0.051093 -0.070066 0.000000 0.046473 0.996734 -0.066046 9.226300 0.073211 0.062541 0.995354 1.577100 0.000000 0.000000 0.000000 1.000000
0.992750 -0.076727 -0.092520 0.000000 0.071125 0.995513 -0.062406 9.226300 0.096893 0.055373 0.993753 1.577100 0.000000 0.000000 0.000000 1.000000
0.988331 -0.099161 -0.115625 0.000000 0.092988 0.993998 -0.057625 9.226300 0.120645 0.046200 0.991620 1.577100 0.000000 0.000000 0.000000 1.000000
0.982169 -0.125990 -0.139539 0.000000 0.119445 0.991352 -0.054357 9.226300 0.145180 0.036720 0.988724 1.577100 0.000000 0.000000 0.000000 1.000000</float_array><technique_common><accessor source="#Zombie_Spine-Matrix-animation-output-transform-array" count="64" stride="16"><param type="float4x4"/></accessor></technique_common></source><source id="Zombie_Spine-Interpolations"><Name_array id="Zombie_Spine-Interpolations-array" count="64">
 LINEAR LINEAR LINEAR LINEAR LINEAR LINEAR LINEAR LINEAR LINEAR LINEAR LINEAR
LINEAR LINEAR LINEAR LINEAR LINEAR LINEAR LINEAR LINEAR LINEAR LINEAR LINEAR LINEAR
LINEAR LINEAR LINEAR LINEAR LINEAR LINEAR LINEAR LINEAR LINEAR LINEAR LINEAR LINEAR
LINEAR LINEAR LINEAR LINEAR LINEAR LINEAR LINEAR LINEAR LINEAR LINEAR LINEAR LINEAR
LINEAR LINEAR LINEAR LINEAR LINEAR LINEAR LINEAR LINEAR LINEAR LINEAR LINEAR LINEAR
LINEAR LINEAR LINEAR LINEAR LINEAR</Name_array><technique_common><accessor source="#Zombie_Spine-Interpolations-array" count="64"><param type="name"/></accessor></technique_common></source><sampler id="Zombie_Spine-Matrix-animation-transform"><input semantic="INPUT" source="#Zombie_Spine-Matrix-animation-input"/><input semantic="OUTPUT" source="#Zombie_Spine-Matrix-animation-output-transform"/><input semantic="INTERPOLATION" source="#Zombie_Spine-Interpolations"/></sampler><channel source="#Zombie_Spine-Matrix-animation-transform" target="Zombie_Spine/matrix"/></animation>
    <animation id="Zombie_Spine1-anim" name="Zombie_Spine1"><source id="Zombie_Spine1-Matrix-animation-input"><float_array id="Zombie_Spine1-Matrix-animation-input-array" count="64">

0.000000 0.033333 0.066667 0.100000 0.133333 0.166667 0.200000 0.233333 0.266667 0.300000 0.333333 0.366667 0.400000 0.433333 0.466667 0.500000
0.533333 0.566667 0.600000 0.633333 0.666667 0.700000 0.733333 0.766667 0.800000 0.833333 0.866667 0.900000 0.933333 0.966667 1.000000 1.033333
1.066667 1.100000 1.133333 1.166667 1.200000 1.233333 1.266667 1.300000 1.333333 1.366667 1.400000 1.433333 1.466667 1.500000 1.533333 1.566667
1.600000 1.633333 1.666667 1.700000 1.733333 1.766667 1.800000 1.833333 1.866667 1.900000 1.933333 1.966667 2.000000 2.033333 2.066667 2.100000</float_array><technique_common><accessor source="#Zombie_Spine1-Matrix-animation-input-array" count="64"><param name="TIME" type="float"/></accessor></technique_common></source><source id="Zombie_Spine1-Matrix-animation-output-transform"><float_array id="Zombie_Spine1-Matrix-animation-output-transform-array" count="1024">

0.952986 -0.117179 -0.279441 0.000000 0.096138 0.991479 -0.087898 16.254000 0.287360 0.056901 0.956131 -0.165600 0.000000 0.000000 0.000000 1.000000
0.965128 -0.125802 -0.229568 0.000000 0.117434 0.991831 -0.049810 16.254000 0.233958 0.021114 0.972017 -0.165600 0.000000 0.000000 0.000000 1.000000
0.972008 -0.124841 -0.199035 -0.000000 0.120362 0.992131 -0.034496 16.254000 0.201775 0.009574 0.979385 -0.165600 0.000000 0.000000 0.000000 1.000000
0.976327 -0.108542 -0.187094 0.000000 0.103649 0.993971 -0.035766 16.254000 0.189848 0.015527 0.981691 -0.165600 0.000000 0.000000 0.000000 1.000000
0.979380 -0.073902 -0.188027 -0.000000 0.066248 0.996711 -0.046680 16.254000 0.190858 0.033261 0.981054 -0.165600 0.000000 0.000000 0.000000 1.000000
0.981478 -0.025024 -0.189936 0.000000 0.013974 0.998143 -0.059292 16.254000 0.191067 0.055539 0.980005 -0.165600 0.000000 0.000000 0.000000 1.000000
0.982689 0.028755 -0.183017 -0.000000 -0.042461 0.996542 -0.071417 16.254000 0.180330 0.077952 0.980512 -0.165600 0.000000 0.000000 0.000000 1.000000
0.983489 0.077632 -0.163473 -0.000000 -0.092529 0.992026 -0.085569 16.254000 0.155527 0.099282 0.982830 -0.165600 0.000000 0.000000 0.000000 1.000000
0.984465 0.115077 -0.132609 -0.000000 -0.129379 0.986041 -0.104805 16.254000 0.118698 0.120334 0.985612 -0.165600 0.000000 0.000000 0.000000 1.000000
0.985679 0.139647 -0.094534 -0.000000 -0.151291 0.979913 -0.129927 16.254000 0.074491 0.142369 0.987007 -0.165600 0.000000 0.000000 0.000000 1.000000
0.986651 0.153536 -0.054289 0.000000 -0.160353 0.974113 -0.159343 16.254000 0.028419 0.165921 0.985729 -0.165600 0.000000 0.000000 0.000000 1.000000
0.986955 0.160172 -0.016251 -0.000000 -0.160331 0.968724 -0.189387 16.254000 -0.014592 0.189522 0.981768 -0.165600 0.000000 0.000000 0.000000 1.000000
0.986667 0.161739 0.018137 0.000000 -0.154145 0.964422 -0.214777 16.254000 -0.052230 0.209117 0.976495 -0.165600 0.000000 0.000000 0.000000 1.000000
0.986035 0.158389 0.051464 -0.000000 -0.142593 0.962577 -0.230460 16.254000 -0.086040 0.219904 0.971720 -0.165600 0.000000 0.000000 0.000000 1.000000
0.984907 0.149591 0.087072 -0.000000 -0.125696 0.963991 -0.234353 16.254000 -0.118994 0.219871 0.968244 -0.165600 0.000000 0.000000 0.000000 1.000000
0.982897 0.136262 0.123879 -0.000000 -0.105309 0.967734 -0.228914 16.254000 -0.151074 0.211954 0.965532 -0.165600 0.000000 0.000000 0.000000 1.000000
0.980649 0.121522 0.153493 -0.000000 -0.085905 0.971618 -0.220405 16.254000 -0.175920 0.202954 0.963256 -0.165600 0.000000 0.000000 0.000000 1.000000
0.980223 0.108918 0.165229 0.000000 -0.071960 0.973936 -0.215106 16.254000 -0.184351 0.198962 0.962512 -0.165600 0.000000 0.000000 0.000000 1.000000
0.982917 0.098121 0.155710 0.000000 -0.063154 0.974479 -0.215412 16.254000 -0.172872 0.201899 0.964029 -0.165600 0.000000 0.000000 0.000000 1.000000
0.987665 0.083179 0.132660 0.000000 -0.052704 0.974397 -0.218571 16.254000 -0.147444 0.208883 0.966762 -0.165600 0.000000 0.000000 0.000000 1.000000
0.992430 0.055917 0.109343 -0.000000 -0.030761 0.975132 -0.219478 16.254000 -0.118896 0.214453 0.969471 -0.165600 0.000000 0.000000 0.000000 1.000000
0.995603 0.012850 0.092785 -0.000000 0.007307 0.976872 -0.213700 16.254000 -0.093385 0.213439 0.972483 -0.165600 0.000000 0.000000 0.000000 1.000000
0.995973 -0.041592 0.079417 -0.000000 0.056767 0.978231 -0.199603 16.254000 -0.069387 0.203308 0.976653 -0.165600 0.000000 0.000000 0.000000 1.000000
0.993478 -0.096921 0.060058 0.000000 0.106309 0.977794 -0.180600 16.254000 -0.041220 0.185807 0.981721 -0.165600 0.000000 0.000000 0.000000 1.000000
0.989315 -0.142720 0.029793 0.000000 0.145688 0.975590 -0.164311 16.254000 -0.005616 0.166896 0.985958 -0.165600 0.000000 0.000000 0.000000 1.000000
0.984666 -0.174283 -0.007606 0.000000 0.170949 0.972688 -0.157019 16.254000 0.034764 0.153311 0.987566 -0.165600 0.000000 0.000000 0.000000 1.000000
0.980248 -0.192881 -0.043717 0.000000 0.183691 0.969847 -0.160170 16.254000 0.073293 0.148976 0.986121 -0.165600 0.000000 0.000000 0.000000 1.000000
0.976620 -0.202764 -0.071419 -0.000000 0.188341 0.967196 -0.170470 16.254000 0.103641 0.153033 0.982771 -0.165600 0.000000 0.000000 0.000000 1.000000
0.974194 -0.207382 -0.089095 0.000000 0.188769 0.964990 -0.182101 16.254000 0.123740 0.160583 0.979235 -0.165600 0.000000 0.000000 0.000000 1.000000
0.973002 -0.207817 -0.100400 0.000000 0.186344 0.964031 -0.189529 16.254000 0.136176 0.165703 0.976729 -0.165600 0.000000 0.000000 0.000000 1.000000
0.972716 -0.203529 -0.111350 0.000000 0.180205 0.965127 -0.189885 16.254000 0.146114 0.164638 0.975472 -0.165600 0.000000 0.000000 0.000000 1.000000
0.972818 -0.194016 -0.126425 0.000000 0.169064 0.968126 -0.184798 16.254000 0.158249 0.158401 0.974611 -0.165600 0.000000 0.000000 0.000000 1.000000
0.972850 -0.180026 -0.145439 -0.000000 0.152905 0.971709 -0.180003 16.254000 0.173730 0.152877 0.972855 -0.165600 0.000000 0.000000 0.000000 1.000000
0.972908 -0.162851 -0.164104 0.000000 0.132535 0.974462 -0.181271 16.254000 0.189433 0.154610 0.969645 -0.165600 0.000000 0.000000 0.000000 1.000000
0.973821 -0.142866 -0.176811 0.000000 0.108558 0.975675 -0.190458 16.254000 0.199720 0.166277 0.965642 -0.165600 0.000000 0.000000 0.000000 1.000000
0.976560 -0.118208 -0.179881 0.000000 0.080602 0.975727 -0.203616 16.254000 0.199584 0.184344 0.962384 -0.165600 0.000000 0.000000 0.000000 1.000000
0.981211 -0.085378 -0.173020 -0.000000 0.047290 0.975832 -0.213345 16.254000 0.187054 0.201154 0.961534 -0.165600 0.000000 0.000000 0.000000 1.000000
0.986533 -0.041622 -0.158178 -0.000000 0.006852 0.976749 -0.214279 16.254000 0.163419 0.210309 0.963880 -0.165600 0.000000 0.000000 0.000000 1.000000
0.990366 0.012642 -0.137898 0.000000 -0.041248 0.977551 -0.206622 16.254000 0.132190 0.210319 0.968655 -0.165600 0.000000 0.000000 0.000000 1.000000
0.990804 0.072773 -0.114071 0.000000 -0.094229 0.976119 -0.195737 16.254000 0.097102 0.204686 0.973999 -0.165600 0.000000 0.000000 0.000000 1.000000
0.987393 0.131470 -0.088156 -0.000000 -0.146084 0.971308 -0.187671 16.254000 0.060954 0.198183 0.978268 -0.165600 0.000000 0.000000 0.000000 1.000000
0.981381 0.181688 -0.062292 -0.000000 -0.190260 0.964005 -0.185728 16.254000 0.026306 0.194121 0.980625 -0.165600 0.000000 0.000000 0.000000 1.000000
0.974876 0.219183 -0.039686 -0.000000 -0.222717 0.956209 -0.189897 16.254000 -0.003674 0.193965 0.981002 -0.165600 0.000000 0.000000 0.000000 1.000000
0.969744 0.243047 -0.022907 0.000000 -0.242678 0.949554 -0.198630 16.254000 -0.026525 0.198180 0.979807 -0.165600 0.000000 0.000000 0.000000 1.000000
0.967056 0.254297 -0.011634 0.000000 -0.251005 0.944927 -0.210023 16.254000 -0.042415 0.206024 0.977627 -0.165600 0.000000 0.000000 0.000000 1.000000
0.967017 0.254703 -0.002121 0.000000 -0.248831 0.942878 -0.221505 16.254000 -0.054418 0.214726 0.975157 -0.165600 0.000000 0.000000 0.000000 1.000000
0.969088 0.246489 0.010524 0.000000 -0.237565 0.943812 -0.229743 16.254000 -0.066562 0.220141 0.973194 -0.165600 0.000000 0.000000 0.000000 1.000000
0.972112 0.232835 0.028028 -0.000000 -0.220215 0.947384 -0.232311 16.254000 -0.080643 0.219660 0.972238 -0.165600 0.000000 0.000000 0.000000 1.000000
0.974841 0.217818 0.047340 0.000000 -0.201665 0.952312 -0.228983 16.254000 -0.094959 0.213675 0.972279 -0.165600 0.000000 0.000000 0.000000 1.000000
0.976646 0.205529 0.062615 -0.000000 -0.187201 0.957028 -0.221480 16.254000 -0.105445 0.204586 0.973153 -0.165600 0.000000 0.000000 0.000000 1.000000
0.977641 0.198565 0.069207 0.000000 -0.179954 0.960302 -0.213158 16.254000 -0.108786 0.195938 0.974564 -0.165600 0.000000 0.000000 0.000000 1.000000
0.978618 0.194673 0.066396 0.000000 -0.177539 0.962478 -0.205222 16.254000 -0.103856 0.189046 0.976461 -0.165600 0.000000 0.000000 0.000000 1.000000
0.980635 0.187600 0.056233 0.000000 -0.173392 0.965137 -0.196075 16.254000 -0.091056 0.182527 0.978975 -0.165600 0.000000 0.000000 0.000000 1.000000
0.984381 0.171199 0.041052 0.000000 -0.160953 0.969627 -0.184167 16.254000 -0.071334 0.174683 0.982037 -0.165600 0.000000 0.000000 0.000000 1.000000
0.989422 0.143362 0.022168 0.000000 -0.137580 0.975799 -0.169963 16.254000 -0.045998 0.165116 0.985201 -0.165600 0.000000 0.000000 0.000000 1.000000
0.994242 0.107153 0.000515 0.000000 -0.105766 0.982118 -0.155747 16.254000 -0.017194 0.154796 0.987797 -0.165600 0.000000 0.000000 0.000000 1.000000
0.997375 0.068749 -0.022721 0.000000 -0.071312 0.987041 -0.143750 16.254000 0.012543 0.144993 0.989353 -0.165600 0.000000 0.000000 0.000000 1.000000
0.998329 0.033727 -0.046929 0.000000 -0.039767 0.990130 -0.134394 16.254000 0.041933 0.136036 0.989816 -0.165600 0.000000 0.000000 0.000000 1.000000
0.997284 0.003751 -0.073556 0.000000 -0.013076 0.991855 -0.126700 16.254000 0.072481 0.127318 0.989210 -0.165600 0.000000 0.000000 0.000000 1.000000
0.994201 -0.021502 -0.105371 0.000000 0.008815 0.992805 -0.119418 16.254000 0.107180 0.117796 0.987237 -0.165600 0.000000 0.000000 0.000000 1.000000
0.988539 -0.045178 -0.144050 0.000000 0.029113 0.993311 -0.111740 16.254000 0.148135 0.106266 0.983241 -0.165600 0.000000 0.000000 0.000000 1.000000
0.979702 -0.069057 -0.188187 0.000000 0.050095 0.993344 -0.103726 16.254000 0.194097 0.092193 0.976640 -0.165600 0.000000 0.000000 0.000000 1.000000
0.967643 -0.093257 -0.234458 0.000000 0.072550 0.992786 -0.095460 16.254000 0.241668 0.075361 0.967428 -0.165600 0.000000 0.000000 0.000000 1.000000
0.952986 -0.117179 -0.279441 -0.000000 0.096138 0.991479 -0.087898 16.254000 0.287360 0.056901 0.956131 -0.165600 0.000000 0.000000 0.000000 1.000000</float_array><technique_common><accessor source="#Zombie_Spine1-Matrix-animation-output-transform-array" count="64" stride="16"><param type="float4x4"/></accessor></technique_common></source><source id="Zombie_Spine1-Interpolations"><Name_array id="Zombie_Spine1-Interpolations-array" count="64">
 LINEAR LINEAR LINEAR LINEAR LINEAR LINEAR LINEAR LINEAR LINEAR LINEAR LINEAR
LINEAR LINEAR LINEAR LINEAR LINEAR LINEAR LINEAR LINEAR LINEAR LINEAR LINEAR LINEAR
LINEAR LINEAR LINEAR LINEAR LINEAR LINEAR LINEAR LINEAR LINEAR LINEAR LINEAR LINEAR
LINEAR LINEAR LINEAR LINEAR LINEAR LINEAR LINEAR LINEAR LINEAR LINEAR LINEAR LINEAR
LINEAR LINEAR LINEAR LINEAR LINEAR LINEAR LINEAR LINEAR LINEAR LINEAR LINEAR LINEAR
LINEAR LINEAR LINEAR LINEAR LINEAR</Name_array><technique_common><accessor source="#Zombie_Spine1-Interpolations-array" count="64"><param type="name"/></accessor></technique_common></source><sampler id="Zombie_Spine1-Matrix-animation-transform"><input semantic="INPUT" source="#Zombie_Spine1-Matrix-animation-input"/><input semantic="OUTPUT" source="#Zombie_Spine1-Matrix-animation-output-transform"/><input semantic="INTERPOLATION" source="#Zombie_Spine1-Interpolations"/></sampler><channel source="#Zombie_Spine1-Matrix-animation-transform" target="Zombie_Spine1/matrix"/></animation>
    <animation id="Zombie_Spine2-anim" name="Zombie_Spine2"><source id="Zombie_Spine2-Matrix-animation-input"><float_array id="Zombie_Spine2-Matrix-animation-input-array" count="64">

0.000000 0.033333 0.066667 0.100000 0.133333 0.166667 0.200000 0.233333 0.266667 0.300000 0.333333 0.366667 0.400000 0.433333 0.466667 0.500000
0.533333 0.566667 0.600000 0.633333 0.666667 0.700000 0.733333 0.766667 0.800000 0.833333 0.866667 0.900000 0.933333 0.966667 1.000000 1.033333
1.066667 1.100000 1.133333 1.166667 1.200000 1.233333 1.266667 1.300000 1.333333 1.366667 1.400000 1.433333 1.466667 1.500000 1.533333 1.566667
1.600000 1.633333 1.666667 1.700000 1.733333 1.766667 1.800000 1.833333 1.866667 1.900000 1.933333 1.966667 2.000000 2.033333 2.066667 2.100000</float_array><technique_common><accessor source="#Zombie_Spine2-Matrix-animation-input-array" count="64"><param name="TIME" type="float"/></accessor></technique_common></source><source id="Zombie_Spine2-Matrix-animation-output-transform"><float_array id="Zombie_Spine2-Matrix-animation-output-transform-array" count="1024">

0.953175 -0.113975 -0.280121 0.000000 0.092122 0.991670 -0.090022 13.639600 0.288048 0.060001 0.955734 -1.292300 0.000000 0.000000 0.000000 1.000000
0.965200 -0.123854 -0.230322 0.000000 0.115021 0.992030 -0.051443 13.639600 0.234858 0.023161 0.971754 -1.292300 0.000000 0.000000 0.000000 1.000000
0.972047 -0.123506 -0.199677 0.000000 0.118706 0.992281 -0.035884 13.639600 0.202567 0.011178 0.979205 -1.292300 0.000000 0.000000 0.000000 1.000000
0.976370 -0.107524 -0.187455 0.000000 0.102351 0.994057 -0.037089 13.639600 0.190329 0.017026 0.981573 -1.292300 0.000000 0.000000 0.000000 1.000000
0.979430 -0.073156 -0.188055 0.000000 0.065248 0.996718 -0.047913 13.639600 0.190942 0.034658 0.980989 -1.292300 0.000000 0.000000 0.000000 1.000000
0.981516 -0.024599 -0.189790 0.000000 0.013377 0.998098 -0.060183 13.639600 0.190910 0.056532 0.979978 -1.292300 0.000000 0.000000 0.000000 1.000000
0.982696 0.028919 -0.182953 -0.000000 -0.042677 0.996512 -0.071715 13.639600 0.180241 0.078282 0.980502 -1.292300 0.000000 0.000000 0.000000 1.000000
0.983457 0.077714 -0.163627 -0.000000 -0.092580 0.992047 -0.085271 13.639600 0.155699 0.099009 0.982830 -1.292300 0.000000 0.000000 0.000000 1.000000
0.984410 0.115224 -0.132891 0.000000 -0.129490 0.986089 -0.104216 13.639600 0.119034 0.119800 0.985636 -1.292300 0.000000 0.000000 0.000000 1.000000
0.985632 0.139848 -0.094724 -0.000000 -0.151481 0.979949 -0.129437 13.639600 0.074724 0.141926 0.987053 -1.292300 0.000000 0.000000 0.000000 1.000000
0.986631 0.153692 -0.054196 -0.000000 -0.160485 0.974124 -0.159146 13.639600 0.028334 0.165716 0.985766 -1.292300 0.000000 0.000000 0.000000 1.000000
0.986952 0.160228 -0.015866 0.000000 -0.160314 0.968724 -0.189404 13.639600 -0.014978 0.189476 0.981771 -1.292300 0.000000 0.000000 0.000000 1.000000
0.986655 0.161754 0.018647 0.000000 -0.154050 0.964427 -0.214823 13.639600 -0.052732 0.209083 0.976475 -1.292300 0.000000 0.000000 0.000000 1.000000
0.986006 0.158419 0.051926 0.000000 -0.142522 0.962594 -0.230433 13.639600 -0.086488 0.219808 0.971702 -1.292300 0.000000 0.000000 0.000000 1.000000
0.984883 0.149527 0.087450 -0.000000 -0.125558 0.964026 -0.234284 13.639600 -0.119336 0.219763 0.968227 -1.292300 0.000000 0.000000 0.000000 1.000000
0.982911 0.135773 0.124301 0.000000 -0.104738 0.967798 -0.228904 13.639600 -0.151377 0.211974 0.965480 -1.292300 0.000000 0.000000 0.000000 1.000000
0.980700 0.120269 0.154151 0.000000 -0.084509 0.971721 -0.220493 13.639600 -0.176310 0.203210 0.963131 -1.292300 0.000000 0.000000 0.000000 1.000000
0.980289 0.106916 0.166140 -0.000000 -0.069751 0.974059 -0.215276 13.639600 -0.184847 0.199444 0.962317 -1.292300 0.000000 0.000000 0.000000 1.000000
