<?xml version="1.0" encoding="utf-8"?>
<COLLADA xmlns="http://www.collada.org/2005/11/COLLADASchema" version="1.4.1">
  <asset><contributor><author>Mixamo</author><authoring_tool>COLLADA Mixamo exporter</authoring_tool><comments></comments></contributor><created>2021-01-28T10:42:47Z</created><modified>2021-01-28T10:42:47Z</modified><revision></revision><title></title><unit meter="0.010000"/><up_axis>Y_UP</up_axis></asset>
  <library_animations>
    <animation id="Zombie_Hips-anim" name="Zombie_Hips"><source id="Zombie_Hips-Matrix-animation-input"><float_array id="Zombie_Hips-Matrix-animation-input-array" count="66">

0.000000 0.033333 0.066667 0.100000 0.133333 0.166667 0.200000 0.233333 0.266667 0.300000 0.333333 0.366667 0.400000 0.433333 0.466667 0.500000
0.533333 0.566667 0.600000 0.633333 0.666667 0.700000 0.733333 0.766667 0.800000 0.833333 0.866667 0.900000 0.933333 0.966667 1.000000 1.033333
1.066667 1.100000 1.133333 1.166667 1.200000 1.233333 1.266667 1.300000 1.333333 1.366667 1.400000 1.433333 1.466667 1.500000 1.533333 1.566667
1.600000 1.633333 1.666667 1.700000 1.733333 1.766667 1.800000 1.833333 1.866667 1.900000 1.933333 1.966667 2.000000 2.033333 2.066667 2.100000
2.133333 2.166667</float_array><technique_common><accessor source="#Zombie_Hips-Matrix-animation-input-array" count="66"><param name="TIME" type="float"/></accessor></technique_common></source><source id="Zombie_Hips-Matrix-animation-output-transform"><float_array id="Zombie_Hips-Matrix-animation-output-transform-array" count="1056">

0.944601 0.022509 -0.327449 0.677664 -0.098519 0.971087 -0.217448 89.538040 0.313087 0.237662 0.919507 -1.100632 0.000000 0.000000 0.000000 1.000000
0.945670 0.024337 -0.324215 0.804955 -0.096719 0.973107 -0.209063 89.915779 0.310408 0.229063 0.922593 -1.064842 0.000000 0.000000 0.000000 1.000000
0.946476 0.025635 -0.321754 0.927028 -0.095160 0.974696 -0.202267 90.227470 0.308428 0.222059 0.924966 -1.019540 0.000000 0.000000 0.000000 1.000000
0.946940 0.026284 -0.320333 1.051211 -0.093869 0.975814 -0.197421 90.438728 0.307397 0.217016 0.926505 -0.992869 0.000000 0.000000 0.000000 1.000000
0.946880 0.025745 -0.320554 1.177076 -0.093336 0.975884 -0.197329 90.464218 0.307743 0.216766 0.926448 -0.999749 0.000000 0.000000 0.000000 1.000000
0.947094 0.025618 -0.319932 1.299139 -0.093413 0.975658 -0.198406 90.470825 0.307061 0.217795 0.926433 -1.049412 0.000000 0.000000 0.000000 1.000000
0.947144 0.026103 -0.319744 1.411984 -0.094119 0.975435 -0.199167 90.486412 0.306691 0.218734 0.926335 -1.126661 0.000000 0.000000 0.000000 1.000000
0.946924 0.027512 -0.320278 1.525573 -0.095784 0.975222 -0.199418 90.504860 0.306856 0.219511 0.926096 -1.225504 0.000000 0.000000 0.000000 1.000000
0.946840 0.030278 -0.320277 1.681419 -0.098972 0.974692 -0.200450 90.538681 0.306102 0.221493 0.925874 -1.373835 0.000000 0.000000 0.000000 1.000000
0.946987 0.033927 -0.319475 1.924108 -0.103212 0.973823 -0.202525 90.544136 0.304241 0.224762 0.925699 -1.658414 0.000000 0.000000 0.000000 1.000000
0.946422 0.037344 -0.320765 2.214964 -0.106743 0.973636 -0.201593 90.502228 0.304780 0.225032 0.925457 -2.208101 0.000000 0.000000 0.000000 1.000000
0.943982 0.041499 -0.327377 2.424641 -0.109578 0.975189 -0.192350 90.365829 0.311273 0.217448 0.925108 -3.055811 0.000000 0.000000 0.000000 1.000000
0.940106 0.049896 -0.337211 2.410981 -0.114580 0.977926 -0.174735 90.131073 0.321049 0.202907 0.925071 -4.104322 0.000000 0.000000 0.000000 1.000000
0.936844 0.066531 -0.343361 2.176980 -0.125598 0.980251 -0.152752 89.837509 0.326417 0.186230 0.926698 -5.205275 0.000000 0.000000 0.000000 1.000000
0.934582 0.091038 -0.343902 1.903440 -0.142954 0.981324 -0.128712 89.583305 0.325761 0.169454 0.930142 -6.260779 0.000000 0.000000 0.000000 1.000000
0.929753 0.116742 -0.349185 1.825719 -0.162005 0.981372 -0.103260 89.541939 0.330626 0.152576 0.931347 -7.279976 0.000000 0.000000 0.000000 1.000000
0.918808 0.134823 -0.370965 2.067630 -0.175803 0.981267 -0.078799 89.808716 0.353391 0.137618 0.925298 -8.366385 0.000000 0.000000 0.000000 1.000000
0.903283 0.141632 -0.404994 2.546446 -0.180101 0.981919 -0.058300 90.214615 0.389414 0.125601 0.912459 -9.586850 0.000000 0.000000 0.000000 1.000000
0.889951 0.138956 -0.434370 3.070748 -0.175185 0.983539 -0.044288 90.498482 0.421066 0.115510 0.899645 -10.923199 0.000000 0.000000 0.000000 1.000000
0.883694 0.131993 -0.449068 3.573461 -0.167810 0.984978 -0.040714 90.649040 0.436948 0.111337 0.892569 -12.314049 0.000000 0.000000 0.000000 1.000000
0.886118 0.118698 -0.448003 3.963985 -0.157313 0.986290 -0.049838 90.659454 0.435945 0.114639 0.892642 -13.719912 0.000000 0.000000 0.000000 1.000000
0.895624 0.099472 -0.433547 4.085380 -0.141901 0.987642 -0.066536 90.467003 0.421571 0.121112 0.898671 -15.172327 0.000000 0.000000 0.000000 1.000000
0.908719 0.082292 -0.409216 3.881355 -0.125873 0.988760 -0.080680 90.113197 0.397977 0.124825 0.908864 -16.752510 0.000000 0.000000 0.000000 1.000000
0.922029 0.070196 -0.380704 3.431124 -0.110521 0.990225 -0.085089 89.553719 0.371010 0.120530 0.920774 -18.517700 0.000000 0.000000 0.000000 1.000000
0.932459 0.057738 -0.356633 2.925069 -0.091071 0.992834 -0.077378 88.725601 0.349610 0.104630 0.931035 -20.452122 0.000000 0.000000 0.000000 1.000000
0.937292 0.039154 -0.346339 2.533576 -0.063731 0.996170 -0.059856 87.814034 0.342669 0.078175 0.936198 -22.596922 0.000000 0.000000 0.000000 1.000000
0.935152 0.015370 -0.353914 2.285386 -0.031526 0.998705 -0.039929 87.033966 0.352842 0.048497 0.934425 -24.996834 0.000000 0.000000 0.000000 1.000000
0.926329 -0.012399 -0.376512 2.018350 0.002342 0.999628 -0.027157 86.351089 0.376708 0.024274 0.926014 -27.800690 0.000000 0.000000 0.000000 1.000000
0.911960 -0.045390 -0.407760 1.582003 0.037592 0.998925 -0.027121 85.679131 0.408553 0.009405 0.912686 -31.298876 0.000000 0.000000 0.000000 1.000000
0.893387 -0.077994 -0.442468 1.100670 0.065853 0.996913 -0.042763 84.559296 0.444437 0.009066 0.895764 -35.486134 0.000000 0.000000 0.000000 1.000000
0.873953 -0.111309 -0.473092 0.861647 0.085352 0.993443 -0.076064 83.294472 0.478457 0.026097 0.877723 -40.177464 0.000000 0.000000 0.000000 1.000000
0.855512 -0.147372 -0.496368 1.021692 0.098930 0.987503 -0.122681 82.861946 0.508245 0.055850 0.859400 -45.099854 0.000000 0.000000 0.000000 1.000000
0.837535 -0.187638 -0.513154 1.602770 0.114595 0.978618 -0.170804 83.386093 0.534232 0.084249 0.841129 -49.754669 0.000000 0.000000 0.000000 1.000000
0.815976 -0.224034 -0.532909 2.610506 0.128222 0.969029 -0.211048 84.428795 0.563687 0.103879 0.819431 -53.401527 0.000000 0.000000 0.000000 1.000000
0.793632 -0.260384 -0.549862 3.771534 0.144731 0.958643 -0.245065 85.926064 0.590932 0.114909 0.798495 -56.099773 0.000000 0.000000 0.000000 1.000000
0.778289 -0.292359 -0.555691 4.845383 0.159003 0.947910 -0.276016 87.535507 0.607440 0.126464 0.784234 -58.023441 0.000000 0.000000 0.000000 1.000000
0.774142 -0.312737 -0.550363 5.703936 0.159532 0.937760 -0.308473 88.886658 0.612579 0.151001 0.775851 -59.529804 0.000000 0.000000 0.000000 1.000000
0.776305 -0.321345 -0.542299 6.337195 0.145142 0.928310 -0.342307 89.845955 0.613420 0.187024 0.767292 -60.894150 0.000000 0.000000 0.000000 1.000000
0.778837 -0.321633 -0.538484 6.788021 0.124710 0.920783 -0.369604 90.411484 0.614703 0.220707 0.757251 -62.239159 0.000000 0.000000 0.000000 1.000000
0.781895 -0.316752 -0.536943 7.122900 0.107239 0.916801 -0.384677 90.666786 0.614117 0.243196 0.750810 -63.574657 0.000000 0.000000 0.000000 1.000000
0.789824 -0.305419 -0.531881 7.434858 0.092224 0.916476 -0.389315 90.689812 0.606360 0.258438 0.752022 -64.796211 0.000000 0.000000 0.000000 1.000000
0.804186 -0.287184 -0.520393 7.819683 0.076224 0.918127 -0.388886 90.601196 0.589469 0.273071 0.760236 -65.878616 0.000000 0.000000 0.000000 1.000000
0.821187 -0.264567 -0.505625 8.340504 0.057183 0.919726 -0.388374 90.442841 0.567787 0.290014 0.770396 -66.770004 0.000000 0.000000 0.000000 1.000000
0.836615 -0.242009 -0.491434 8.999852 0.036604 0.919811 -0.390651 90.230652 0.546568 0.308835 0.778386 -67.466003 0.000000 0.000000 0.000000 1.000000
0.849706 -0.222480 -0.478019 9.743981 0.018403 0.918577 -0.394813 89.973335 0.526935 0.326678 0.784615 -68.028374 0.000000 0.000000 0.000000 1.000000
0.861254 -0.205314 -0.464853 10.488508 0.004254 0.917631 -0.397412 89.687469 0.508157 0.340295 0.791186 -68.470871 0.000000 0.000000 0.000000 1.000000
0.871211 -0.188554 -0.453254 11.160310 -0.007525 0.918058 -0.396375 89.401184 0.490852 0.348737 0.798403 -68.777588 0.000000 0.000000 0.000000 1.000000
0.879835 -0.169884 -0.443880 11.720601 -0.020765 0.919304 -0.393000 89.134247 0.474825 0.354992 0.805308 -68.967659 0.000000 0.000000 0.000000 1.000000
0.888217 -0.148929 -0.434616 12.183557 -0.036838 0.919868 -0.390494 88.926521 0.457945 0.362854 0.811556 -69.062996 0.000000 0.000000 0.000000 1.000000
0.896278 -0.128341 -0.424517 12.573976 -0.053689 0.918773 -0.391118 88.827881 0.440231 0.373343 0.816586 -69.080475 0.000000 0.000000 0.000000 1.000000
0.902445 -0.111317 -0.416175 12.905179 -0.068577 0.916602 -0.393875 88.840797 0.425312 0.383990 0.819550 -69.051163 0.000000 0.000000 0.000000 1.000000
0.906134 -0.098012 -0.411480 13.187462 -0.080931 0.914642 -0.396082 88.898239 0.415177 0.392205 0.820855 -69.034019 0.000000 0.000000 0.000000 1.000000
0.908694 -0.085970 -0.408515 13.413143 -0.091716 0.913545 -0.396262 88.926620 0.407263 0.397548 0.822248 -69.067955 0.000000 0.000000 0.000000 1.000000
0.911831 -0.073054 -0.404015 13.548308 -0.101251 0.913637 -0.393721 88.912521 0.397886 0.399913 0.825685 -69.138145 0.000000 0.000000 0.000000 1.000000
0.916323 -0.059428 -0.396007 13.563033 -0.108081 0.915520 -0.387481 88.908676 0.385579 0.397859 0.832488 -69.209579 0.000000 0.000000 0.000000 1.000000
0.921645 -0.046357 -0.385255 13.461279 -0.111426 0.919406 -0.377196 88.921066 0.371692 0.390568 0.842201 -69.267708 0.000000 0.000000 0.000000 1.000000
0.926471 -0.034885 -0.374746 13.266849 -0.112407 0.924602 -0.363971 88.899849 0.359188 0.379333 0.852696 -69.340500 0.000000 0.000000 0.000000 1.000000
0.929812 -0.024979 -0.367187 12.991596 -0.112967 0.930161 -0.349340 88.777870 0.350270 0.366300 0.862053 -69.474220 0.000000 0.000000 0.000000 1.000000
0.932420 -0.014136 -0.361101 12.400719 -0.113527 0.937188 -0.329833 88.630661 0.343082 0.348537 0.872248 -69.685623 0.000000 0.000000 0.000000 1.000000
0.935009 -0.003737 -0.354604 11.524146 -0.112482 0.945185 -0.306551 88.524193 0.336312 0.326515 0.883336 -69.961052 0.000000 0.000000 0.000000 1.000000
0.937410 0.003963 -0.348205 10.611343 -0.109726 0.952359 -0.284556 88.440292 0.330488 0.304953 0.893186 -70.269531 0.000000 0.000000 0.000000 1.000000
0.939322 0.009772 -0.342898 9.705940 -0.106829 0.958220 -0.265334 88.405418 0.325979 0.285865 0.901121 -70.573730 0.000000 0.000000 0.000000 1.000000
0.940838 0.014232 -0.338559 8.850019 -0.104449 0.962650 -0.249792 88.504822 0.322358 0.270376 0.907184 -70.846642 0.000000 0.000000 0.000000 1.000000
0.942121 0.017796 -0.334800 8.086911 -0.102609 0.965979 -0.237395 88.748833 0.319185 0.258008 0.911895 -71.071968 0.000000 0.000000 0.000000 1.000000
0.943327 0.020783 -0.331212 7.452255 -0.101008 0.968666 -0.226898 89.102463 0.316118 0.247495 0.915869 -71.241859 0.000000 0.000000 0.000000 1.000000
0.944497 0.023302 -0.327693 7.108122 -0.099391 0.971004 -0.217423 89.495331 0.313124 0.237925 0.919426 -71.351639 0.000000 0.000000 0.000000 1.000000</float_array><technique_common><accessor source="#Zombie_Hips-Matrix-animation-output-transform-array" count="66" stride="16"><param type="float4x4"/></accessor></technique_common></source><source id="Zombie_Hips-Interpolations"><Name_array id="Zombie_Hips-Interpolations-array" count="66">
 LINEAR LINEAR LINEAR LINEAR LINEAR LINEAR LINEAR LINEAR LINEAR LINEAR LINEAR
LINEAR LINEAR LINEAR LINEAR LINEAR LINEAR LINEAR LINEAR LINEAR LINEAR LINEAR LINEAR
LINEAR LINEAR LINEAR LINEAR LINEAR LINEAR LINEAR LINEAR LINEAR LINEAR LINEAR LINEAR
LINEAR LINEAR LINEAR LINEAR LINEAR LINEAR LINEAR LINEAR LINEAR LINEAR LINEAR LINEAR
LINEAR LINEAR LINEAR LINEAR LINEAR LINEAR LINEAR LINEAR LINEAR LINEAR LINEAR LINEAR
LINEAR LINEAR LINEAR LINEAR LINEAR LINEAR LINEAR</Name_array><technique_common><accessor source="#Zombie_Hips-Interpolations-array" count="66"><param type="name"/></accessor></technique_common></source><sampler id="Zombie_Hips-Matrix-animation-transform"><input semantic="INPUT" source="#Zombie_Hips-Matrix-animation-input"/><input semantic="OUTPUT" source="#Zombie_Hips-Matrix-animation-output-transform"/><input semantic="INTERPOLATION" source="#Zombie_Hips-Interpolations"/></sampler><channel source="#Zombie_Hips-Matrix-animation-transform" target="Zombie_Hips/matrix"/></animation>
    <animation id="Zombie_Spine-anim" name="Zombie_Spine"><source id="Zombie_Spine-Matrix-animation-input"><float_array id="Zombie_Spine-Matrix-animation-input-array" count="66">

0.000000 0.033333 0.066667 0.100000 0.133333 0.166667 0.200000 0.233333 0.266667 0.300000 0.333333 0.366667 0.400000 0.433333 0.466667 0.500000
0.533333 0.566667 0.600000 0.633333 0.666667 0.700000 0.733333 0.766667 0.800000 0.833333 0.866667 0.900000 0.933333 0.966667 1.000000 1.033333
1.066667 1.100000 1.133333 1.166667 1.200000 1.233333 1.266667 1.300000 1.333333 1.366667 1.400000 1.433333 1.466667 1.500000 1.533333 1.566667
1.600000 1.633333 1.666667 1.700000 1.733333 1.766667 1.800000 1.833333 1.866667 1.900000 1.933333 1.966667 2.000000 2.033333 2.066667 2.100000
2.133333 2.166667</float_array><technique_common><accessor source="#Zombie_Spine-Matrix-animation-input-array" count="66"><param name="TIME" type="float"/></accessor></technique_common></source><source id="Zombie_Spine-Matrix-animation-output-transform"><float_array id="Zombie_Spine-Matrix-animation-output-transform-array" count="1056">

0.999714 0.013830 0.019511 -0.000000 -0.009097 0.974410 -0.224592 9.226300 -0.022118 0.224350 0.974257 1.577100 0.000000 0.000000 0.000000 1.000000
0.999753 0.009457 0.020108 0.000000 -0.004634 0.973753 -0.227558 9.226300 -0.021733 0.227409 0.973557 1.577100 0.000000 0.000000 0.000000 1.000000
0.999771 0.005513 0.020687 0.000000 -0.000603 0.973142 -0.230203 9.226300 -0.021401 0.230138 0.972923 1.577100 0.000000 0.000000 0.000000 1.000000
0.999770 0.001999 0.021359 0.000000 0.003019 0.972629 -0.232345 9.226300 -0.021239 0.232356 0.972399 1.577100 0.000000 0.000000 0.000000 1.000000
0.999752 -0.001154 0.022223 -0.000000 0.006321 0.972246 -0.233877 9.226300 -0.021336 0.233960 0.972012 1.577100 0.000000 0.000000 0.000000 1.000000
0.999722 -0.003824 0.023257 -0.000000 0.009179 0.972008 -0.234769 9.226300 -0.021709 0.234918 0.971773 1.577100 0.000000 0.000000 0.000000 1.000000
0.999691 -0.004466 0.024453 0.000000 0.010047 0.972386 -0.233160 9.226300 -0.022736 0.233334 0.972131 1.577100 0.000000 0.000000 0.000000 1.000000
0.999690 -0.006500 0.024029 0.000000 0.011921 0.972424 -0.232914 9.226300 -0.021852 0.233129 0.972200 1.577100 0.000000 0.000000 0.000000 1.000000
0.999739 -0.009545 0.020749 0.000000 0.014166 0.971766 -0.235519 9.226300 -0.017915 0.235752 0.971648 1.577100 0.000000 0.000000 0.000000 1.000000
0.999828 -0.012481 0.013702 0.000000 0.015426 0.970175 -0.241916 9.226300 -0.010273 0.242085 0.970201 1.577100 0.000000 0.000000 0.000000 1.000000
0.999911 -0.013147 0.002445 -0.000000 0.013339 0.967684 -0.251811 9.226300 0.000945 0.251822 0.967773 1.577100 0.000000 0.000000 0.000000 1.000000
0.999877 -0.009951 -0.012104 0.000000 0.006413 0.964675 -0.263367 9.226300 0.014297 0.263257 0.964620 1.577100 0.000000 0.000000 0.000000 1.000000
0.999601 -0.001839 -0.028169 0.000000 -0.005939 0.961838 -0.273555 9.226300 0.027597 0.273613 0.961444 1.577100 0.000000 0.000000 0.000000 1.000000
0.998985 0.011225 -0.043625 -0.000000 -0.022975 0.959991 -0.279086 9.226300 0.038747 0.279805 0.959275 1.577100 0.000000 0.000000 0.000000 1.000000
0.998000 0.028063 -0.056638 0.000000 -0.042737 0.959768 -0.277524 9.226300 0.046571 0.279390 0.959048 1.577100 0.000000 0.000000 0.000000 1.000000
0.996734 0.046432 -0.066071 0.000000 -0.062556 0.961352 -0.268120 9.226300 0.051068 0.271377 0.961117 1.577100 0.000000 0.000000 0.000000 1.000000
0.995447 0.063145 -0.071400 0.000000 -0.079261 0.964449 -0.252102 9.226300 0.052943 0.256613 0.965063 1.577100 0.000000 0.000000 0.000000 1.000000
0.994566 0.074666 -0.072556 -0.000000 -0.089656 0.968505 -0.232293 9.226300 0.052927 0.237536 0.969936 1.577100 0.000000 0.000000 0.000000 1.000000
0.994455 0.078486 -0.069994 -0.000000 -0.091717 0.972931 -0.212115 9.226300 0.051451 0.217358 0.974735 1.577100 0.000000 0.000000 0.000000 1.000000
0.995162 0.074193 -0.064409 0.000000 -0.085434 0.977203 -0.194361 9.226300 0.048521 0.198923 0.978813 1.577100 0.000000 0.000000 0.000000 1.000000
0.996418 0.063250 -0.056133 0.000000 -0.072426 0.980934 -0.180342 9.226300 0.043657 0.183762 0.982001 1.577100 0.000000 0.000000 0.000000 1.000000
0.997865 0.047648 -0.044675 0.000000 -0.054584 0.983975 -0.169745 9.226300 0.035871 0.171821 0.984475 1.577100 0.000000 0.000000 0.000000 1.000000
0.999131 0.029664 -0.029263 0.000000 -0.034004 0.986343 -0.161158 9.226300 0.024083 0.162013 0.986495 1.577100 0.000000 0.000000 0.000000 1.000000
0.999896 0.010954 -0.009344 0.000000 -0.012255 0.988154 -0.152977 9.226300 0.007557 0.153075 0.988186 1.577100 0.000000 0.000000 0.000000 1.000000
0.999865 -0.007451 0.014658 0.000000 0.009487 0.989509 -0.144160 9.226300 -0.013430 0.144279 0.989446 1.577100 0.000000 0.000000 0.000000 1.000000
0.998858 -0.024513 0.041008 0.000000 0.029838 0.990431 -0.134745 9.226300 -0.037312 0.135815 0.990031 1.577100 0.000000 0.000000 0.000000 1.000000
0.996963 -0.039501 0.067114 0.000000 0.047747 0.990872 -0.126070 9.226300 -0.061521 0.128892 0.989748 1.577100 0.000000 0.000000 0.000000 1.000000
0.994597 -0.051904 0.089906 0.000000 0.062590 0.990747 -0.120431 9.226300 -0.082823 0.125407 0.988642 1.577100 0.000000 0.000000 0.000000 1.000000
0.992625 -0.060074 0.105298 0.000000 0.072701 0.990048 -0.120496 9.226300 -0.097011 0.127263 0.987113 1.577100 0.000000 0.000000 0.000000 1.000000
0.991547 -0.065498 0.112003 0.000000 0.079777 0.988538 -0.128175 9.226300 -0.102324 0.136027 0.985407 1.577100 0.000000 0.000000 0.000000 1.000000
0.991551 -0.069469 0.109544 0.000000 0.084983 0.985921 -0.144003 9.226300 -0.097998 0.152095 0.983495 1.577100 0.000000 0.000000 0.000000 1.000000
0.992559 -0.071260 0.098736 0.000000 0.087173 0.981995 -0.167593 9.226300 -0.085016 0.174953 0.980900 1.577100 0.000000 0.000000 0.000000 1.000000
0.994006 -0.072547 0.081785 0.000000 0.087379 0.976797 -0.195533 9.226300 -0.065702 0.201507 0.977281 1.577100 0.000000 0.000000 0.000000 1.000000
0.995353 -0.074517 0.060989 0.000000 0.086349 0.971024 -0.222836 9.226300 -0.042617 0.227067 0.972946 1.577100 0.000000 0.000000 0.000000 1.000000
0.996244 -0.077540 0.038545 0.000000 0.084658 0.965724 -0.245379 9.226300 -0.018197 0.247720 0.968661 1.577100 0.000000 0.000000 0.000000 1.000000
0.996616 -0.080804 0.015098 -0.000000 0.081942 0.961937 -0.260696 9.226300 0.006542 0.261051 0.965303 1.577100 0.000000 0.000000 0.000000 1.000000
0.996430 -0.084061 -0.007868 0.000000 0.078881 0.960126 -0.268210 9.226300 0.030100 0.266632 0.963328 1.577100 0.000000 0.000000 0.000000 1.000000
0.995813 -0.086646 -0.029130 0.000000 0.075662 0.960093 -0.269252 9.226300 0.051297 0.265920 0.962629 1.577100 0.000000 0.000000 0.000000 1.000000
0.994982 -0.087970 -0.047664 0.000000 0.072234 0.961219 -0.266159 9.226300 0.069229 0.261381 0.962750 1.577100 0.000000 0.000000 0.000000 1.000000
0.994151 -0.088175 -0.062366 0.000000 0.068989 0.962750 -0.261444 9.226300 0.083096 0.255613 0.963202 1.577100 0.000000 0.000000 0.000000 1.000000
0.993557 -0.086695 -0.072992 0.000000 0.065268 0.964244 -0.256852 9.226300 0.092650 0.250433 0.963690 1.577100 0.000000 0.000000 0.000000 1.000000
0.993351 -0.083257 -0.079514 0.000000 0.060659 0.965518 -0.253172 9.226300 0.097850 0.246665 0.964148 1.577100 0.000000 0.000000 0.000000 1.000000
0.993600 -0.077669 -0.082013 0.000000 0.054889 0.966585 -0.250400 9.226300 0.098721 0.244295 0.964663 1.577100 0.000000 0.000000 0.000000 1.000000
0.994290 -0.069911 -0.080623 -0.000000 0.047904 0.967526 -0.248192 9.226300 0.095356 0.242912 0.965350 1.577100 0.000000 0.000000 0.000000 1.000000
0.995315 -0.059594 -0.076139 0.000000 0.039158 0.968448 -0.246120 9.226300 0.088404 0.241985 0.966244 1.577100 0.000000 0.000000 0.000000 1.000000
0.996494 -0.046649 -0.069446 0.000000 0.028386 0.969397 -0.243853 9.226300 0.078697 0.241027 0.967322 1.577100 0.000000 0.000000 0.000000 1.000000
0.997612 -0.031385 -0.061519 0.000000 0.015655 0.970354 -0.241180 9.226300 0.067265 0.239641 0.968529 1.577100 0.000000 0.000000 0.000000 1.000000
0.998473 -0.014568 -0.053283 0.000000 0.001471 0.971266 -0.237992 9.226300 0.055219 0.237550 0.969805 1.577100 0.000000 0.000000 0.000000 1.000000
0.998955 0.002883 -0.045610 -0.000000 -0.013499 0.972095 -0.234197 9.226300 0.043662 0.234568 0.971119 1.577100 0.000000 0.000000 0.000000 1.000000
0.999050 0.019690 -0.038881 0.000000 -0.028117 0.972830 -0.229806 9.226300 0.033299 0.230680 0.972460 1.577100 0.000000 0.000000 0.000000 1.000000
0.998839 0.034851 -0.033269 -0.000000 -0.041459 0.973492 -0.224931 9.226300 0.024548 0.226049 0.973807 1.577100 0.000000 0.000000 0.000000 1.000000
0.998454 0.047632 -0.028646 0.000000 -0.052778 0.974103 -0.219860 9.226300 0.017432 0.221032 0.975111 1.577100 0.000000 0.000000 0.000000 1.000000
0.998035 0.057596 -0.024679 0.000000 -0.061565 0.974667 -0.215022 9.226300 0.011669 0.216119 0.976297 1.577100 0.000000 0.000000 0.000000 1.000000
0.997693 0.064587 -0.020927 0.000000 -0.067553 0.975178 -0.210866 9.226300 0.006789 0.211793 0.977291 1.577100 0.000000 0.000000 0.000000 1.000000
0.997494 0.068686 -0.016976 0.000000 -0.070715 0.975628 -0.207723 9.226300 0.002295 0.208403 0.978040 1.577100 0.000000 0.000000 0.000000 1.000000
0.997453 0.070210 -0.012583 0.000000 -0.071296 0.976011 -0.205719 9.226300 -0.002162 0.206092 0.978530 1.577100 0.000000 0.000000 0.000000 1.000000
0.997540 0.069662 -0.007766 0.000000 -0.069774 0.976324 -0.204753 9.226300 -0.006681 0.204791 0.978783 1.577100 0.000000 0.000000 0.000000 1.000000
0.997715 0.067504 -0.002700 0.000000 -0.066628 0.976590 -0.204532 9.226300 -0.011170 0.204244 0.978856 1.577100 0.000000 0.000000 0.000000 1.000000
0.998109 0.061399 0.003083 0.000000 -0.059453 0.976806 -0.205708 9.226300 -0.015642 0.205135 0.978609 1.577100 0.000000 0.000000 0.000000 1.000000
0.998595 0.052298 0.008521 0.000000 -0.049388 0.976901 -0.207906 9.226300 -0.019197 0.207193 0.978112 1.577100 0.000000 0.000000 0.000000 1.000000
0.998981 0.043374 0.012463 0.000000 -0.039797 0.976902 -0.209950 9.226300 -0.021281 0.209240 0.977633 1.577100 0.000000 0.000000 0.000000 1.000000
0.999230 0.036370 0.014730 0.000000 -0.032417 0.976645 -0.212401 9.226300 -0.022111 0.211759 0.977072 1.577100 0.000000 0.000000 0.000000 1.000000
0.999415 0.029969 0.016474 0.000000 -0.025726 0.976228 -0.215212 9.226300 -0.022532 0.214663 0.976428 1.577100 0.000000 0.000000 0.000000 1.000000
0.999554 0.023899 0.017895 -0.000000 -0.019420 0.975690 -0.218292 9.226300 -0.022677 0.217847 0.975719 1.577100 0.000000 0.000000 0.000000 1.000000
0.999652 0.018211 0.019059 -0.000000 -0.013541 0.975075 -0.221461 9.226300 -0.022617 0.221126 0.974983 1.577100 0.000000 0.000000 0.000000 1.000000
0.999716 0.013069 0.019951 0.000000 -0.008257 0.974422 -0.224576 9.226300 -0.022375 0.224347 0.974252 1.577100 0.000000 0.000000 0.000000 1.000000</float_array><technique_common><accessor source="#Zombie_Spine-Matrix-animation-output-transform-array" count="66" stride="16"><param type="float4x4"/></accessor></technique_common></source><source id="Zombie_Spine-Interpolations"><Name_array id="Zombie_Spine-Interpolations-array" count="66">
 LINEAR LINEAR LINEAR LINEAR LINEAR LINEAR LINEAR LINEAR LINEAR LINEAR LINEAR
LINEAR LINEAR LINEAR LINEAR LINEAR LINEAR LINEAR LINEAR LINEAR LINEAR LINEAR LINEAR
LINEAR LINEAR LINEAR LINEAR LINEAR LINEAR LINEAR LINEAR LINEAR LINEAR LINEAR LINEAR
LINEAR LINEAR LINEAR LINEAR LINEAR LINEAR LINEAR LINEAR LINEAR LINEAR LINEAR LINEAR
LINEAR LINEAR LINEAR LINEAR LINEAR LINEAR LINEAR LINEAR LINEAR LINEAR LINEAR LINEAR
LINEAR LINEAR LINEAR LINEAR LINEAR LINEAR LINEAR</Name_array><technique_common><accessor source="#Zombie_Spine-Interpolations-array" count="66"><param type="name"/></accessor></technique_common></source><sampler id="Zombie_Spine-Matrix-animation-transform"><input semantic="INPUT" source="#Zombie_Spine-Matrix-animation-input"/><input semantic="OUTPUT" source="#Zombie_Spine-Matrix-animation-output-transform"/><input semantic="INTERPOLATION" source="#Zombie_Spine-Interpolations"/></sampler><channel source="#Zombie_Spine-Matrix-animation-transform" target="Zombie_Spine/matrix"/></animation>
    <animation id="Zombie_Spine1-anim" name="Zombie_Spine1"><source id="Zombie_Spine1-Matrix-animation-input"><float_array id="Zombie_Spine1-Matrix-animation-input-array" count="66">

0.000000 0.033333 0.066667 0.100000 0.133333 0.166667 0.200000 0.233333 0.266667 0.300000 0.333333 0.366667 0.400000 0.433333 0.466667 0.500000
0.533333 0.566667 0.600000 0.633333 0.666667 0.700000 0.733333 0.766667 0.800000 0.833333 0.866667 0.900000 0.933333 0.966667 1.000000 1.033333
1.066667 1.100000 1.133333 1.166667 1.200000 1.233333 1.266667 1.300000 1.333333 1.366667 1.400000 1.433333 1.466667 1.500000 1.533333 1.566667
1.600000 1.633333 1.666667 1.700000 1.733333 1.766667 1.800000 1.833333 1.866667 1.900000 1.933333 1.966667 2.000000 2.033333 2.066667 2.100000
2.133333 2.166667</float_array><technique_common><accessor source="#Zombie_Spine1-Matrix-animation-input-array" count="66"><param name="TIME" type="float"/></accessor></technique_common></source><source id="Zombie_Spine1-Matrix-animation-output-transform"><float_array id="Zombie_Spine1-Matrix-animation-output-transform-array" count="1056">

0.999769 0.017897 0.011878 0.000000 -0.015759 0.986902 -0.160551 16.254000 -0.014596 0.160327 0.986956 -0.165600 0.000000 0.000000 0.000000 1.000000
0.999809 0.015419 0.012043 0.000000 -0.013271 0.986762 -0.161630 16.254000 -0.014375 0.161439 0.986778 -0.165600 0.000000 0.000000 0.000000 1.000000
0.999839 0.013109 0.012263 0.000000 -0.010942 0.986637 -0.162565 16.254000 -0.014230 0.162405 0.986622 -0.165600 0.000000 0.000000 0.000000 1.000000
0.999860 0.010980 0.012600 -0.000000 -0.008776 0.986544 -0.163262 16.254000 -0.014223 0.163129 0.986502 -0.165600 0.000000 0.000000 0.000000 1.000000
0.999874 0.009018 0.013097 0.000000 -0.006754 0.986492 -0.163671 16.254000 -0.014396 0.163562 0.986428 -0.165600 0.000000 0.000000 0.000000 1.000000
0.999879 0.007257 0.013768 0.000000 -0.004905 0.986486 -0.163769 16.254000 -0.014770 0.163682 0.986403 -0.165600 0.000000 0.000000 0.000000 1.000000
0.999871 0.006186 0.014838 0.000000 -0.003689 0.986658 -0.162767 16.254000 -0.015647 0.162691 0.986553 -0.165600 0.000000 0.000000 0.000000 1.000000
0.999885 0.003947 0.014676 0.000000 -0.001499 0.986590 -0.163213 16.254000 -0.015124 0.163172 0.986482 -0.165600 0.000000 0.000000 0.000000 1.000000
0.999924 0.000925 0.012334 0.000000 0.001140 0.986072 -0.166315 16.254000 -0.012316 0.166316 0.985996 -0.165600 0.000000 0.000000 0.000000 1.000000
0.999972 -0.001995 0.007154 -0.000000 0.003200 0.984963 -0.172735 16.254000 -0.006702 0.172754 0.984942 -0.165600 0.000000 0.000000 0.000000 1.000000
0.999993 -0.003576 -0.000917 0.000000 0.003349 0.983281 -0.182061 16.254000 0.001553 0.182057 0.983287 -0.165600 0.000000 0.000000 0.000000 1.000000
0.999934 -0.002562 -0.011195 0.000000 0.000358 0.981271 -0.192633 16.254000 0.011479 0.192617 0.981207 -0.165600 0.000000 0.000000 0.000000 1.000000
0.999748 0.001889 -0.022385 -0.000000 -0.006371 0.979388 -0.201889 16.254000 0.021542 0.201980 0.979153 -0.165600 0.000000 0.000000 0.000000 1.000000
0.999409 0.009809 -0.032948 -0.000000 -0.016430 0.978171 -0.207151 16.254000 0.030197 0.207570 0.977754 -0.165600 0.000000 0.000000 0.000000 1.000000
0.998931 0.020267 -0.041552 0.000000 -0.028435 0.978023 -0.206550 16.254000 0.036452 0.207511 0.977553 -0.165600 0.000000 0.000000 0.000000 1.000000
0.998376 0.031555 -0.047421 0.000000 -0.040427 0.979029 -0.199671 16.254000 0.040126 0.201264 0.978715 -0.165600 0.000000 0.000000 0.000000 1.000000
0.997859 0.041643 -0.050433 -0.000000 -0.050422 0.980934 -0.187685 16.254000 0.041656 0.189826 0.980934 -0.165600 0.000000 0.000000 0.000000 1.000000
0.997513 0.048733 -0.050927 0.000000 -0.056867 0.983290 -0.172934 16.254000 0.041648 0.175400 0.983616 -0.165600 0.000000 0.000000 0.000000 1.000000
0.997447 0.051621 -0.049335 -0.000000 -0.058833 0.985660 -0.158156 16.254000 0.040464 0.160654 0.986181 -0.165600 0.000000 0.000000 0.000000 1.000000
0.997702 0.049907 -0.045815 0.000000 -0.056093 0.987761 -0.145539 16.254000 0.037991 0.147775 0.988291 -0.165600 0.000000 0.000000 0.000000 1.000000
0.998229 0.043978 -0.040065 0.000000 -0.049054 0.989487 -0.136049 16.254000 0.033661 0.137774 0.989892 -0.165600 0.000000 0.000000 0.000000 1.000000
0.998900 0.034803 -0.031428 0.000000 -0.038591 0.990857 -0.129283 16.254000 0.026641 0.130353 0.991110 -0.165600 0.000000 0.000000 0.000000 1.000000
0.999536 0.023592 -0.019252 0.000000 -0.025801 0.991952 -0.123954 16.254000 0.016173 0.124393 0.992101 -0.165600 0.000000 0.000000 0.000000 1.000000
0.999929 0.011411 -0.003356 0.000000 -0.011729 0.992868 -0.118640 16.254000 0.001978 0.118671 0.992932 -0.165600 0.000000 0.000000 0.000000 1.000000
0.999878 -0.000920 0.015600 0.000000 0.002669 0.993659 -0.112405 16.254000 -0.015398 0.112433 0.993540 -0.165600 0.000000 0.000000 0.000000 1.000000
0.999270 -0.012829 0.035997 0.000000 0.016556 0.994310 -0.105230 16.254000 -0.034442 0.105749 0.993796 -0.165600 0.000000 0.000000 0.000000 1.000000
0.998175 -0.023853 0.055479 -0.000000 0.029229 0.994739 -0.098185 16.254000 -0.052845 0.099627 0.993621 -0.165600 0.000000 0.000000 0.000000 1.000000
0.996876 -0.033592 0.071486 0.000000 0.040205 0.994838 -0.093173 16.254000 -0.067988 0.095756 0.993080 -0.165600 0.000000 0.000000 0.000000 1.000000
0.995760 -0.041873 0.081903 0.000000 0.049412 0.994505 -0.092298 16.254000 -0.077588 0.095954 0.992357 -0.165600 0.000000 0.000000 0.000000 1.000000
0.995138 -0.048722 0.085597 0.000000 0.057021 0.993616 -0.097344 16.254000 -0.080307 0.101752 0.991563 -0.165600 0.000000 0.000000 0.000000 1.000000
0.995090 -0.054480 0.082628 0.000000 0.063359 0.992026 -0.108949 16.254000 -0.076034 0.113650 0.990607 -0.165600 0.000000 0.000000 0.000000 1.000000
0.995511 -0.058859 0.074111 -0.000000 0.067970 0.989556 -0.127116 16.254000 -0.065856 0.131583 0.989115 -0.165600 0.000000 0.000000 0.000000 1.000000
0.996139 -0.062504 0.061646 0.000000 0.071110 0.986266 -0.149075 16.254000 -0.051481 0.152883 0.986902 -0.165600 0.000000 0.000000 0.000000 1.000000
0.996716 -0.066071 0.046810 0.000000 0.073155 0.982590 -0.170779 16.254000 -0.034711 0.173643 0.984197 -0.165600 0.000000 0.000000 0.000000 1.000000
0.997086 -0.069774 0.030852 -0.000000 0.074363 0.979208 -0.188738 16.254000 -0.017042 0.190482 0.981543 -0.165600 0.000000 0.000000 0.000000 1.000000
0.997187 -0.073520 0.014624 -0.000000 0.074958 0.976760 -0.200800 16.254000 0.000479 0.201331 0.979523 -0.165600 0.000000 0.000000 0.000000 1.000000
0.997029 -0.077015 -0.001272 -0.000000 0.075094 0.975574 -0.206437 16.254000 0.017140 0.205728 0.978459 -0.165600 0.000000 0.000000 0.000000 1.000000
0.996680 -0.079778 -0.016247 0.000000 0.074716 0.975537 -0.206747 16.254000 0.032344 0.204847 0.978259 -0.165600 0.000000 0.000000 0.000000 1.000000
0.996243 -0.081378 -0.029629 0.000000 0.073685 0.976249 -0.203737 16.254000 0.045505 0.200789 0.978577 -0.165600 0.000000 0.000000 0.000000 1.000000
0.995831 -0.081629 -0.040707 0.000000 0.071945 0.977234 -0.199593 16.254000 0.056073 0.195832 0.979033 -0.165600 0.000000 0.000000 0.000000 1.000000
0.995566 -0.080349 -0.048915 0.000000 0.069320 0.978172 -0.195896 16.254000 0.063587 0.191636 0.979404 -0.165600 0.000000 0.000000 0.000000 1.000000
0.995540 -0.077388 -0.053961 0.000000 0.065616 0.978930 -0.193368 16.254000 0.067788 0.188965 0.979641 -0.165600 0.000000 0.000000 0.000000 1.000000
0.995798 -0.072557 -0.055877 -0.000000 0.060601 0.979531 -0.191956 16.254000 0.068661 0.187763 0.979811 -0.165600 0.000000 0.000000 0.000000 1.000000
0.996326 -0.065668 -0.054971 0.000000 0.054046 0.980061 -0.191206 16.254000 0.066431 0.187532 0.980009 -0.165600 0.000000 0.000000 0.000000 1.000000
0.997053 -0.056646 -0.051730 0.000000 0.045823 0.980602 -0.190580 16.254000 0.061522 0.187648 0.980308 -0.165600 0.000000 0.000000 0.000000 1.000000
0.997863 -0.045674 -0.046736 -0.000000 0.036029 0.981195 -0.189627 16.254000 0.054518 0.187537 0.980743 -0.165600 0.000000 0.000000 0.000000 1.000000
0.998621 -0.033263 -0.040608 0.000000 0.025057 0.981840 -0.188049 16.254000 0.046126 0.186772 0.981320 -0.165600 0.000000 0.000000 0.000000 1.000000
0.999220 -0.020190 -0.033946 0.000000 0.013543 0.982511 -0.185712 16.254000 0.037102 0.185107 0.982018 -0.165600 0.000000 0.000000 0.000000 1.000000
0.999601 -0.007316 -0.027289 0.000000 0.002212 0.983191 -0.182566 16.254000 0.028166 0.182433 0.982815 -0.165600 0.000000 0.000000 0.000000 1.000000
0.999768 0.004544 -0.021063 -0.000000 -0.008236 0.983872 -0.178682 16.254000 0.019912 0.178814 0.983681 -0.165600 0.000000 0.000000 0.000000 1.000000
0.999769 0.014804 -0.015554 -0.000000 -0.017290 0.984551 -0.174242 16.254000 0.012735 0.174471 0.984580 -0.165600 0.000000 0.000000 0.000000 1.000000
0.999672 0.023185 -0.010896 0.000000 -0.024698 0.985209 -0.169569 16.254000 0.006803 0.169783 0.985458 -0.165600 0.000000 0.000000 0.000000 1.000000
0.999534 0.029690 -0.007082 0.000000 -0.030452 0.985809 -0.165088 16.254000 0.002080 0.165227 0.986253 -0.165600 0.000000 0.000000 0.000000 1.000000
0.999397 0.034502 -0.003994 -0.000000 -0.034694 0.986310 -0.161214 16.254000 -0.001623 0.161255 0.986911 -0.165600 0.000000 0.000000 0.000000 1.000000
0.999281 0.037876 -0.001436 -0.000000 -0.037626 0.986684 -0.158234 16.254000 -0.004577 0.158174 0.987401 -0.165600 0.000000 0.000000 0.000000 1.000000
0.999197 0.040067 0.000815 0.000000 -0.039448 0.986931 -0.156241 16.254000 -0.007064 0.156084 0.987719 -0.165600 0.000000 0.000000 0.000000 1.000000
0.999143 0.041281 0.002943 0.000000 -0.040326 0.987072 -0.155124 16.254000 -0.009309 0.154872 0.987891 -0.165600 0.000000 0.000000 0.000000 1.000000
0.999120 0.041645 0.005038 0.000000 -0.040367 0.987151 -0.154609 16.254000 -0.011412 0.154269 0.987963 -0.165600 0.000000 0.000000 0.000000 1.000000
0.999173 0.040012 0.007177 0.000000 -0.038422 0.987213 -0.154710 16.254000 -0.013276 0.154306 0.987934 -0.165600 0.000000 0.000000 0.000000 1.000000
0.999292 0.036527 0.009022 0.000000 -0.034687 0.987279 -0.155170 16.254000 -0.014575 0.154748 0.987847 -0.165600 0.000000 0.000000 0.000000 1.000000
0.999414 0.032675 0.010211 -0.000000 -0.030691 0.987348 -0.155569 16.254000 -0.015165 0.155164 0.987772 -0.165600 0.000000 0.000000 0.000000 1.000000
0.999510 0.029358 0.010830 -0.000000 -0.027307 0.987336 -0.156273 16.254000 -0.015281 0.155900 0.987655 -0.165600 0.000000 0.000000 0.000000 1.000000
0.999592 0.026261 0.011255 0.000000 -0.024167 0.987272 -0.157193 16.254000 -0.015240 0.156857 0.987504 -0.165600 0.000000 0.000000 0.000000 1.000000
0.999661 0.023336 0.011530 -0.000000 -0.021219 0.987167 -0.158276 16.254000 -0.015075 0.157977 0.987328 -0.165600 0.000000 0.000000 0.000000 1.000000
0.999720 0.020548 0.011720 0.000000 -0.018419 0.987039 -0.159420 16.254000 -0.014844 0.159159 0.987141 -0.165600 0.000000 0.000000 0.000000 1.000000
0.999769 0.017897 0.011878 0.000000 -0.015759 0.986902 -0.160551 16.254000 -0.014596 0.160327 0.986956 -0.165600 0.000000 0.000000 0.000000 1.000000</float_array><technique_common><accessor source="#Zombie_Spine1-Matrix-animation-output-transform-array" count="66" stride="16"><param type="float4x4"/></accessor></technique_common></source><source id="Zombie_Spine1-Interpolations"><Name_array id="Zombie_Spine1-Interpolations-array" count="66">
 LINEAR LINEAR LINEAR LINEAR LINEAR LINEAR LINEAR LINEAR LINEAR LINEAR LINEAR
LINEAR LINEAR LINEAR LINEAR LINEAR LINEAR LINEAR LINEAR LINEAR LINEAR LINEAR LINEAR
LINEAR LINEAR LINEAR LINEAR LINEAR LINEAR LINEAR LINEAR LINEAR LINEAR LINEAR LINEAR
LINEAR LINEAR LINEAR LINEAR LINEAR LINEAR LINEAR LINEAR LINEAR LINEAR LINEAR LINEAR
LINEAR LINEAR LINEAR LINEAR LINEAR LINEAR LINEAR LINEAR LINEAR LINEAR LINEAR LINEAR
LINEAR LINEAR LINEAR LINEAR LINEAR LINEAR LINEAR</Name_array><technique_common><accessor source="#Zombie_Spine1-Interpolations-array" count="66"><param type="name"/></accessor></technique_common></source><sampler id="Zombie_Spine1-Matrix-animation-transform"><input semantic="INPUT" source="#Zombie_Spine1-Matrix-animation-input"/><input semantic="OUTPUT" source="#Zombie_Spine1-Matrix-animation-output-transform"/><input semantic="INTERPOLATION" source="#Zombie_Spine1-Interpolations"/></sampler><channel source="#Zombie_Spine1-Matrix-animation-transform" target="Zombie_Spine1/matrix"/></animation>
    <animation id="Zombie_Spine2-anim" name="Zombie_Spine2"><source id="Zombie_Spine2-Matrix-animation-input"><float_array id="Zombie_Spine2-Matrix-animation-input-array" count="66">

0.000000 0.033333 0.066667 0.100000 0.133333 0.166667 0.200000 0.233333 0.266667 0.300000 0.333333 0.366667 0.400000 0.433333 0.466667 0.500000
0.533333 0.566667 0.600000 0.633333 0.666667 0.700000 0.733333 0.766667 0.800000 0.833333 0.866667 0.900000 0.933333 0.966667 1.000000 1.033333
1.066667 1.100000 1.133333 1.166667 1.200000 1.233333 1.266667 1.300000 1.333333 1.366667 1.400000 1.433333 1.466667 1.500000 1.533333 1.566667
1.600000 1.633333 1.666667 1.700000 1.733333 1.766667 1.800000 1.833333 1.866667 1.900000 1.933333 1.966667 2.000000 2.033333 2.066667 2.100000
2.133333 2.166667</float_array><technique_common><accessor source="#Zombie_Spine2-Matrix-animation-input-array" count="66"><param name="TIME" type="float"/></accessor></technique_common></source><source id="Zombie_Spine2-Matrix-animation-output-transform"><float_array id="Zombie_Spine2-Matrix-animation-output-transform-array" count="1056">

0.999723 0.018872 0.014050 0.000000 -0.016378 0.986930 -0.160314 13.639600 -0.016892 0.160039 0.986966 -1.292300 0.000000 0.000000 0.000000 1.000000
0.999763 0.016445 0.014232 0.000000 -0.013934 0.986792 -0.161394 13.639600 -0.016698 0.161158 0.986787 -1.292300 0.000000 0.000000 0.000000 1.000000
0.999795 0.014185 0.014468 0.000000 -0.011649 0.986668 -0.162329 13.639600 -0.016578 0.162127 0.986631 -1.292300 0.000000 0.000000 0.000000 1.000000
0.999817 0.012104 0.014828 0.000000 -0.009526 0.986576 -0.163024 13.639600 -0.016602 0.162852 0.986511 -1.292300 0.000000 0.000000 0.000000 1.000000
0.999830 0.010191 0.015359 0.000000 -0.007545 0.986527 -0.163426 13.639600 -0.016818 0.163282 0.986436 -1.292300 0.000000 0.000000 0.000000 1.000000
0.999835 0.008478 0.016072 -0.000000 -0.005737 0.986524 -0.163514 13.639600 -0.017242 0.163395 0.986410 -1.292300 0.000000 0.000000 0.000000 1.000000
0.999824 0.007446 0.017231 0.000000 -0.004548 0.986700 -0.162490 13.639600 -0.018212 0.162383 0.986560 -1.292300 0.000000 0.000000 0.000000 1.000000
0.999837 0.005211 0.017281 -0.000000 -0.002326 0.986635 -0.162929 13.639600 -0.017899 0.162862 0.986486 -1.292300 0.000000 0.000000 0.000000 1.000000
0.999881 0.002120 0.015256 0.000000 0.000443 0.986116 -0.166060 13.639600 -0.015396 0.166047 0.985998 -1.292300 0.000000 0.000000 0.000000 1.000000
0.999945 -0.000963 0.010453 0.000000 0.002753 0.984995 -0.172562 13.639600 -0.010130 0.172581 0.984943 -1.292300 0.000000 0.000000 0.000000 1.000000
0.999992 -0.002811 0.002747 0.000000 0.003264 0.983287 -0.182031 13.639600 -0.002190 0.182038 0.983289 -1.292300 0.000000 0.000000 0.000000 1.000000
