<?xml version="1.0" encoding="utf-8"?>
<COLLADA xmlns="http://www.collada.org/2005/11/COLLADASchema" version="1.4.1">
  <asset><contributor><author>Mixamo</author><authoring_tool>COLLADA Mixamo exporter</authoring_tool><comments></comments></contributor><created>2021-01-08T11:20:06Z</created><modified>2021-01-08T11:20:06Z</modified><revision></revision><title></title><unit meter="0.010000"/><up_axis>Y_UP</up_axis></asset>
  <library_animations>
    <animation id="Zombie_Hips-anim" name="Zombie_Hips"><source id="Zombie_Hips-Matrix-animation-input"><float_array id="Zombie_Hips-Matrix-animation-input-array" count="101">

0.000000 0.033333 0.066667 0.100000 0.133333 0.166667 0.200000 0.233333 0.266667 0.300000 0.333333 0.366667 0.400000 0.433333 0.466667 0.500000
0.533333 0.566667 0.600000 0.633333 0.666667 0.700000 0.733333 0.766667 0.800000 0.833333 0.866667 0.900000 0.933333 0.966667 1.000000 1.033333
1.066667 1.100000 1.133333 1.166667 1.200000 1.233333 1.266667 1.300000 1.333333 1.366667 1.400000 1.433333 1.466667 1.500000 1.533333 1.566667
1.600000 1.633333 1.666667 1.700000 1.733333 1.766667 1.800000 1.833333 1.866667 1.900000 1.933333 1.966667 2.000000 2.033333 2.066667 2.100000
2.133333 2.166667 2.200000 2.233333 2.266667 2.300000 2.333333 2.366667 2.400000 2.433333 2.466667 2.500000 2.533333 2.566667 2.600000 2.633333
2.666667 2.700000 2.733333 2.766667 2.800000 2.833333 2.866667 2.900000 2.933333 2.966667 3.000000 3.033333 3.066667 3.100000 3.133333 3.166667
3.200000 3.233333 3.266667 3.300000 3.333333</float_array><technique_common><accessor source="#Zombie_Hips-Matrix-animation-input-array" count="101"><param name="TIME" type="float"/></accessor></technique_common></source><source id="Zombie_Hips-Matrix-animation-output-transform"><float_array id="Zombie_Hips-Matrix-animation-output-transform-array" count="1616">

0.949655 -0.002073 -0.313290 0.634647 -0.059197 0.980779 -0.185927 87.786438 0.307653 0.195113 0.931279 -2.163506 0.000000 0.000000 0.000000 1.000000
0.959191 0.001743 -0.282752 0.399465 -0.051244 0.984493 -0.167771 87.901070 0.278075 0.175414 0.944407 -1.937280 0.000000 0.000000 0.000000 1.000000
0.968694 0.004144 -0.248222 0.158244 -0.041485 0.988504 -0.145394 88.072800 0.244766 0.151139 0.957730 -1.688556 0.000000 0.000000 0.000000 1.000000
0.977568 0.005890 -0.210537 -0.094223 -0.031796 0.992280 -0.119875 88.292183 0.208206 0.123880 0.970208 -1.454019 0.000000 0.000000 0.000000 1.000000
0.985348 0.008058 -0.170364 -0.356379 -0.024566 0.995172 -0.095017 88.542000 0.168776 0.097810 0.980789 -1.291681 0.000000 0.000000 0.000000 1.000000
0.991869 0.011833 -0.126709 -0.592137 -0.021713 0.996804 -0.076877 88.798439 0.125394 0.079004 0.988956 -1.220898 0.000000 0.000000 0.000000 1.000000
0.997010 0.016806 -0.075430 -0.734390 -0.021824 0.997567 -0.066207 89.100739 0.074133 0.067656 0.994951 -1.089932 0.000000 0.000000 0.000000 1.000000
0.999702 0.019806 -0.014269 -0.737065 -0.020522 0.998441 -0.051913 89.560455 0.013218 0.052191 0.998550 -0.552070 0.000000 0.000000 0.000000 1.000000
0.998616 0.016450 0.049958 -0.604957 -0.015467 0.999680 -0.019998 90.226158 -0.050271 0.019198 0.998551 0.674651 0.000000 0.000000 0.000000 1.000000
0.994622 0.004637 0.103465 -0.365374 -0.007542 0.999588 0.027711 90.914246 -0.103294 -0.028342 0.994247 2.512472 0.000000 0.000000 0.000000 1.000000
0.990472 -0.013817 0.137016 -0.047134 0.003560 0.997190 0.074830 91.305099 -0.137665 -0.073629 0.987738 4.627778 0.000000 0.000000 0.000000 1.000000
0.987279 -0.035612 0.154956 0.307719 0.018593 0.993766 0.109928 91.192551 -0.157905 -0.105649 0.981786 6.767374 0.000000 0.000000 0.000000 1.000000
0.983248 -0.057351 0.173014 0.649678 0.034153 0.990366 0.134195 90.562248 -0.179044 -0.126038 0.975734 8.854771 0.000000 0.000000 0.000000 1.000000
0.975653 -0.075521 0.205905 0.925784 0.043897 0.987089 0.154040 89.510361 -0.214880 -0.141251 0.966372 10.871810 0.000000 0.000000 0.000000 1.000000
0.962646 -0.089496 0.255544 1.095379 0.045539 0.983865 0.173020 88.153740 -0.266905 -0.154920 0.951190 12.820431 0.000000 0.000000 0.000000 1.000000
0.944924 -0.102541 0.310811 1.158411 0.043722 0.980690 0.190618 86.635017 -0.324355 -0.166531 0.931161 14.757505 0.000000 0.000000 0.000000 1.000000
0.926953 -0.117533 0.356293 1.132890 0.044617 0.977458 0.206364 85.120926 -0.372515 -0.175393 0.911301 16.759590 0.000000 0.000000 0.000000 1.000000
0.914302 -0.132894 0.382611 1.001723 0.048795 0.973901 0.221665 83.727791 -0.402084 -0.184000 0.896924 18.859095 0.000000 0.000000 0.000000 1.000000
0.908856 -0.144203 0.391391 0.740673 0.052179 0.970274 0.236318 82.459702 -0.413834 -0.194357 0.889363 21.003113 0.000000 0.000000 0.000000 1.000000
0.908023 -0.149054 0.391507 0.380485 0.052317 0.967592 0.247042 81.248093 -0.415641 -0.203837 0.886393 23.085991 0.000000 0.000000 0.000000 1.000000
0.908380 -0.149903 0.390352 -0.014390 0.050893 0.966227 0.252618 79.999748 -0.415037 -0.209607 0.885330 25.045053 0.000000 0.000000 0.000000 1.000000
0.909009 -0.150945 0.388481 -0.402557 0.050609 0.965190 0.256607 78.608093 -0.413691 -0.213598 0.885006 26.888765 0.000000 0.000000 0.000000 1.000000
0.911268 -0.153910 0.381972 -0.780768 0.053036 0.963672 0.261769 76.946877 -0.408385 -0.218284 0.886326 28.619978 0.000000 0.000000 0.000000 1.000000
0.916266 -0.157473 0.368320 -1.178490 0.058927 0.962472 0.264907 74.872177 -0.396213 -0.221022 0.891159 30.219923 0.000000 0.000000 0.000000 1.000000
0.923460 -0.159758 0.348854 -1.638529 0.068006 0.962950 0.260963 72.249840 -0.377620 -0.217265 0.900111 31.676828 0.000000 0.000000 0.000000 1.000000
0.931191 -0.160803 0.327147 -2.168411 0.079026 0.965154 0.249464 69.037178 -0.355862 -0.206446 0.911451 32.980759 0.000000 0.000000 0.000000 1.000000
0.938189 -0.162036 0.305851 -2.718510 0.091228 0.968169 0.233082 65.279945 -0.333883 -0.190772 0.923108 34.097908 0.000000 0.000000 0.000000 1.000000
0.944704 -0.163243 0.284403 -3.229895 0.103976 0.971650 0.212335 61.051666 -0.311002 -0.171022 0.934895 35.020805 0.000000 0.000000 0.000000 1.000000
0.952394 -0.161853 0.258360 -3.680394 0.115219 0.975676 0.186495 56.331989 -0.282261 -0.147849 0.947876 35.820942 0.000000 0.000000 0.000000 1.000000
0.963326 -0.157013 0.217602 -4.081827 0.123384 0.979309 0.160407 51.038124 -0.238286 -0.127675 0.962766 36.560558 0.000000 0.000000 0.000000 1.000000
0.976765 -0.152638 0.150440 -4.340333 0.131220 0.980942 0.143294 45.409767 -0.169445 -0.120224 0.978179 37.085644 0.000000 0.000000 0.000000 1.000000
0.985901 -0.155871 0.060865 -4.254424 0.147047 0.980627 0.129414 40.310131 -0.079858 -0.118639 0.989721 37.011925 0.000000 0.000000 0.000000 1.000000
0.985363 -0.169327 -0.019708 -3.663253 0.170436 0.980870 0.094053 37.022171 0.003406 -0.096035 0.995372 36.429108 0.000000 0.000000 0.000000 1.000000
0.980925 -0.183884 -0.063023 -2.770277 0.186105 0.982030 0.031337 36.173622 0.056128 -0.042468 0.997520 35.976883 0.000000 0.000000 0.000000 1.000000
0.979879 -0.182948 -0.079789 -1.959574 0.181232 0.983033 -0.028302 37.302685 0.083613 0.013272 0.996410 36.199818 0.000000 0.000000 0.000000 1.000000
0.980634 -0.168715 -0.099464 -1.524259 0.164643 0.985191 -0.047876 39.253677 0.106068 0.030572 0.993889 37.068630 0.000000 0.000000 0.000000 1.000000
0.979589 -0.155735 -0.127094 -1.457943 0.154554 0.987798 -0.019161 41.101082 0.128527 -0.000873 0.991706 38.348713 0.000000 0.000000 0.000000 1.000000
0.978830 -0.144602 -0.144851 -1.544708 0.149393 0.988517 0.022699 42.361778 0.139905 -0.043858 0.989193 39.895344 0.000000 0.000000 0.000000 1.000000
0.980893 -0.127834 -0.146653 -1.632906 0.134851 0.990102 0.038904 42.906170 0.140229 -0.057937 0.988423 41.642254 0.000000 0.000000 0.000000 1.000000
0.983351 -0.103797 -0.149151 -1.700256 0.109763 0.993432 0.032318 42.882149 0.144817 -0.048151 0.988286 43.553463 0.000000 0.000000 0.000000 1.000000
0.982653 -0.074921 -0.169649 -1.760799 0.081454 0.996167 0.031875 42.630459 0.166610 -0.045141 0.984989 45.558788 0.000000 0.000000 0.000000 1.000000
0.977282 -0.045314 -0.207043 -1.812281 0.056221 0.997307 0.047098 42.549404 0.204351 -0.057668 0.977197 47.589394 0.000000 0.000000 0.000000 1.000000
0.969024 -0.021450 -0.246031 -1.813851 0.037494 0.997451 0.060714 42.832993 0.244102 -0.068058 0.967358 49.613201 0.000000 0.000000 0.000000 1.000000
0.962947 -0.007646 -0.269584 -1.721698 0.023928 0.998078 0.057161 43.391979 0.268629 -0.061494 0.961279 51.650768 0.000000 0.000000 0.000000 1.000000
0.963512 -0.002074 -0.267657 -1.531111 0.013111 0.999135 0.039457 43.989384 0.267344 -0.041527 0.962706 53.761127 0.000000 0.000000 0.000000 1.000000
0.970568 0.001424 -0.240822 -1.288524 0.003779 0.999769 0.021142 44.408775 0.240797 -0.021430 0.970339 56.010880 0.000000 0.000000 0.000000 1.000000
0.980043 0.007463 -0.198643 -1.051902 -0.005187 0.999915 0.011975 44.527733 0.198716 -0.010706 0.979999 58.420773 0.000000 0.000000 0.000000 1.000000
0.988212 0.016087 -0.152246 -0.828771 -0.014494 0.999828 0.011570 44.321987 0.152406 -0.009227 0.988275 60.933498 0.000000 0.000000 0.000000 1.000000
0.993909 0.025071 -0.107317 -0.585261 -0.023782 0.999629 0.013278 43.853050 0.107610 -0.010645 0.994136 63.480415 0.000000 0.000000 0.000000 1.000000
0.997319 0.032631 -0.065503 -0.300203 -0.032014 0.999433 0.010449 43.205421 0.065807 -0.008324 0.997798 66.034462 0.000000 0.000000 0.000000 1.000000
0.998845 0.037915 -0.029503 0.017229 -0.037986 0.999277 -0.001864 42.421722 0.029411 0.002983 0.999563 68.585220 0.000000 0.000000 0.000000 1.000000
0.999194 0.040040 -0.002843 0.331004 -0.040103 0.998825 -0.027217 41.501076 0.001750 0.027309 0.999626 71.102219 0.000000 0.000000 0.000000 1.000000
0.999163 0.038301 0.014395 0.592945 -0.037267 0.997104 -0.066290 40.428539 -0.016892 0.065698 0.997697 73.538643 0.000000 0.000000 0.000000 1.000000
0.999083 0.033958 0.026059 0.754242 -0.030710 0.992744 -0.116262 39.202866 -0.029818 0.115355 0.992877 75.905434 0.000000 0.000000 0.000000 1.000000
0.998761 0.032348 0.037823 0.775145 -0.025281 0.984369 -0.174296 37.836353 -0.042870 0.173123 0.983967 78.256836 0.000000 0.000000 0.000000 1.000000
0.997883 0.037840 0.052884 0.646716 -0.024080 0.970466 -0.240031 36.324547 -0.060405 0.238250 0.969324 80.624977 0.000000 0.000000 0.000000 1.000000
0.996427 0.046284 0.070646 0.425482 -0.021877 0.949364 -0.313417 34.590103 -0.081575 0.310752 0.946984 83.045746 0.000000 0.000000 0.000000 1.000000
0.994952 0.047158 0.088582 0.168262 -0.008655 0.919742 -0.392428 32.491196 -0.099979 0.389681 0.915507 85.509972 0.000000 0.000000 0.000000 1.000000
0.993349 0.039482 0.108164 -0.150964 0.016648 0.880258 -0.474204 29.982426 -0.113935 0.472850 0.873746 87.947289 0.000000 0.000000 0.000000 1.000000
0.990476 0.034309 0.133343 -0.619181 0.046050 0.830134 -0.555659 27.130276 -0.129757 0.556507 0.820648 90.268951 0.000000 0.000000 0.000000 1.000000
0.985599 0.038849 0.164577 -1.275450 0.075603 0.769330 -0.634362 23.965569 -0.151258 0.637669 0.755314 92.448349 0.000000 0.000000 0.000000 1.000000
0.978962 0.047861 0.198351 -2.081570 0.109367 0.697587 -0.708104 20.402969 -0.172258 0.714900 0.677677 94.512764 0.000000 0.000000 0.000000 1.000000
0.971480 0.052833 0.231162 -2.995498 0.150473 0.616072 -0.773184 16.412533 -0.183262 0.785916 0.590552 96.458183 0.000000 0.000000 0.000000 1.000000
0.962654 0.058727 0.264288 -4.017781 0.195188 0.525933 -0.827826 12.457262 -0.187614 0.848496 0.494829 98.205055 0.000000 0.000000 0.000000 1.000000
0.946648 0.089934 0.309465 -5.154069 0.245284 0.421775 -0.872893 9.576639 -0.209028 0.902229 0.377213 99.669533 0.000000 0.000000 0.000000 1.000000
0.909528 0.163339 0.382202 -6.373091 0.324897 0.294117 -0.898853 8.484944 -0.259230 0.941709 0.214440 100.928581 0.000000 0.000000 0.000000 1.000000
0.844309 0.247765 0.475136 -7.656868 0.451350 0.149117 -0.879800 8.811944 -0.288834 0.957276 0.014072 102.352585 0.000000 0.000000 0.000000 1.000000
0.780320 0.279925 0.559235 -9.097950 0.577905 0.019002 -0.815883 9.797832 -0.239012 0.959834 -0.146942 104.398849 0.000000 0.000000 0.000000 1.000000
0.752252 0.237643 0.614527 -10.820467 0.643616 -0.065469 -0.762543 11.113165 -0.140981 0.969144 -0.202200 107.099762 0.000000 0.000000 0.000000 1.000000
0.754071 0.164460 0.635870 -12.741634 0.654266 -0.103246 -0.749183 12.556064 -0.057560 0.980965 -0.185455 109.933182 0.000000 0.000000 0.000000 1.000000
0.758715 0.112227 0.641682 -14.568370 0.651410 -0.124617 -0.748422 13.666357 -0.004029 0.985838 -0.167655 112.409317 0.000000 0.000000 0.000000 1.000000
0.748479 0.094893 0.656334 -16.083834 0.662085 -0.163215 -0.731440 14.136081 0.037715 0.982016 -0.184990 114.455193 0.000000 0.000000 0.000000 1.000000
0.728531 0.102688 0.677272 -17.311762 0.680523 -0.221513 -0.698442 14.135056 0.078303 0.969736 -0.231261 116.236404 0.000000 0.000000 0.000000 1.000000
0.718957 0.122667 0.684144 -18.378002 0.687015 -0.274692 -0.672722 13.983545 0.105408 0.953675 -0.281766 117.795723 0.000000 0.000000 0.000000 1.000000
0.730392 0.144751 0.667514 -19.258142 0.675226 -0.300310 -0.673709 13.814030 0.102941 0.942794 -0.317084 118.939880 0.000000 0.000000 0.000000 1.000000
0.756802 0.164471 0.632613 -19.798658 0.649868 -0.293210 -0.701213 13.566864 0.070159 0.941795 -0.328786 119.509010 0.000000 0.000000 0.000000 1.000000
0.787870 0.181935 0.588354 -20.038605 0.615550 -0.262064 -0.743250 13.172146 0.018963 0.947746 -0.318462 119.459358 0.000000 0.000000 0.000000 1.000000
0.814107 0.196201 0.546567 -20.245214 0.579844 -0.223093 -0.783588 12.695116 -0.031806 0.954848 -0.295387 118.848053 0.000000 0.000000 0.000000 1.000000
0.827591 0.206495 0.521971 -20.511490 0.557675 -0.196485 -0.806469 12.340430 -0.063972 0.958516 -0.277766 117.972183 0.000000 0.000000 0.000000 1.000000
0.826215 0.220054 0.518598 -20.525900 0.558417 -0.198294 -0.805512 12.275723 -0.074421 0.955121 -0.286716 117.187607 0.000000 0.000000 0.000000 1.000000
0.816070 0.246715 0.522649 -20.139412 0.573131 -0.228876 -0.786853 12.550821 -0.074506 0.941673 -0.328178 116.634933 0.000000 0.000000 0.000000 1.000000
0.808050 0.283117 0.516623 -19.656477 0.583972 -0.269338 -0.765789 13.020294 -0.077662 0.920490 -0.382971 116.213150 0.000000 0.000000 0.000000 1.000000
0.807985 0.315793 0.497428 -19.241062 0.581385 -0.290235 -0.760102 13.297367 -0.095664 0.903348 -0.418103 116.007889 0.000000 0.000000 0.000000 1.000000
0.812465 0.334165 0.477738 -18.947727 0.568753 -0.274189 -0.775462 12.973192 -0.128142 0.901751 -0.412826 115.941223 0.000000 0.000000 0.000000 1.000000
0.814642 0.339510 0.470203 -18.713642 0.556602 -0.229892 -0.798338 12.118161 -0.162948 0.912076 -0.376252 115.875328 0.000000 0.000000 0.000000 1.000000
0.813175 0.338392 0.473536 -18.520979 0.550845 -0.184765 -0.813899 11.277952 -0.187924 0.922688 -0.336648 115.661201 0.000000 0.000000 0.000000 1.000000
0.813440 0.335796 0.474928 -18.329493 0.545927 -0.159033 -0.822601 10.899493 -0.200696 0.928412 -0.312684 115.321548 0.000000 0.000000 0.000000 1.000000
0.820325 0.333647 0.464486 -18.083302 0.533404 -0.153430 -0.831829 10.943003 -0.206271 0.930129 -0.303830 114.947258 0.000000 0.000000 0.000000 1.000000
0.831776 0.331409 0.445328 -17.829357 0.514726 -0.160058 -0.842282 11.105205 -0.207861 0.929812 -0.303717 114.645340 0.000000 0.000000 0.000000 1.000000
0.841366 0.328544 0.429141 -17.670311 0.500007 -0.171743 -0.848821 11.167745 -0.205173 0.928743 -0.308773 114.470917 0.000000 0.000000 0.000000 1.000000
0.844936 0.325867 0.424139 -17.619350 0.496237 -0.181705 -0.848960 11.094570 -0.199579 0.927790 -0.315236 114.403625 0.000000 0.000000 0.000000 1.000000
0.843038 0.324256 0.429122 -17.609455 0.501195 -0.184093 -0.845525 10.950241 -0.195168 0.927884 -0.317713 114.350471 0.000000 0.000000 0.000000 1.000000
0.838807 0.323719 0.437731 -17.587444 0.508310 -0.177697 -0.842642 10.811084 -0.194996 0.929317 -0.313603 114.312889 0.000000 0.000000 0.000000 1.000000
0.835161 0.323360 0.444909 -17.557705 0.513194 -0.167181 -0.841833 10.728816 -0.197835 0.931391 -0.305570 114.291847 0.000000 0.000000 0.000000 1.000000
0.833297 0.322370 0.449104 -17.535015 0.515369 -0.159054 -0.842079 10.687710 -0.200029 0.933156 -0.298679 114.279541 0.000000 0.000000 0.000000 1.000000
0.833011 0.320838 0.450729 -17.491013 0.515969 -0.156490 -0.842192 10.634716 -0.199672 0.934117 -0.295900 114.269943 0.000000 0.000000 0.000000 1.000000
0.833922 0.319038 0.450320 -17.429642 0.515267 -0.157841 -0.842369 10.576235 -0.197669 0.934506 -0.296017 114.261780 0.000000 0.000000 0.000000 1.000000
0.836091 0.316269 0.448248 -17.364462 0.512668 -0.159640 -0.843615 10.525266 -0.195251 0.935141 -0.295614 114.257515 0.000000 0.000000 0.000000 1.000000
0.839728 0.311411 0.444837 -17.311996 0.507867 -0.160500 -0.846352 10.488179 -0.192167 0.936623 -0.292931 114.259010 0.000000 0.000000 0.000000 1.000000
0.844718 0.304391 0.440225 -17.285046 0.501204 -0.161370 -0.850149 10.463648 -0.187739 0.938779 -0.288874 114.265015 0.000000 0.000000 0.000000 1.000000
0.850617 0.296171 0.434434 -17.291960 0.493240 -0.163302 -0.854428 10.449857 -0.182113 0.941071 -0.284991 114.272842 0.000000 0.000000 0.000000 1.000000</float_array><technique_common><accessor source="#Zombie_Hips-Matrix-animation-output-transform-array" count="101" stride="16"><param type="float4x4"/></accessor></technique_common></source><source id="Zombie_Hips-Interpolations"><Name_array id="Zombie_Hips-Interpolations-array" count="101">
 LINEAR LINEAR LINEAR LINEAR LINEAR LINEAR LINEAR LINEAR LINEAR LINEAR LINEAR
LINEAR LINEAR LINEAR LINEAR LINEAR LINEAR LINEAR LINEAR LINEAR LINEAR LINEAR LINEAR
LINEAR LINEAR LINEAR LINEAR LINEAR LINEAR LINEAR LINEAR LINEAR LINEAR LINEAR LINEAR
LINEAR LINEAR LINEAR LINEAR LINEAR LINEAR LINEAR LINEAR LINEAR LINEAR LINEAR LINEAR
LINEAR LINEAR LINEAR LINEAR LINEAR LINEAR LINEAR LINEAR LINEAR LINEAR LINEAR LINEAR
LINEAR LINEAR LINEAR LINEAR LINEAR LINEAR LINEAR LINEAR LINEAR LINEAR LINEAR LINEAR
LINEAR LINEAR LINEAR LINEAR LINEAR LINEAR LINEAR LINEAR LINEAR LINEAR LINEAR LINEAR
LINEAR LINEAR LINEAR LINEAR LINEAR LINEAR LINEAR LINEAR LINEAR LINEAR LINEAR LINEAR
LINEAR LINEAR LINEAR LINEAR LINEAR LINEAR</Name_array><technique_common><accessor source="#Zombie_Hips-Interpolations-array" count="101"><param type="name"/></accessor></technique_common></source><sampler id="Zombie_Hips-Matrix-animation-transform"><input semantic="INPUT" source="#Zombie_Hips-Matrix-animation-input"/><input semantic="OUTPUT" source="#Zombie_Hips-Matrix-animation-output-transform"/><input semantic="INTERPOLATION" source="#Zombie_Hips-Interpolations"/></sampler><channel source="#Zombie_Hips-Matrix-animation-transform" target="Zombie_Hips/matrix"/></animation>
    <animation id="Zombie_Spine-anim" name="Zombie_Spine"><source id="Zombie_Spine-Matrix-animation-input"><float_array id="Zombie_Spine-Matrix-animation-input-array" count="101">

0.000000 0.033333 0.066667 0.100000 0.133333 0.166667 0.200000 0.233333 0.266667 0.300000 0.333333 0.366667 0.400000 0.433333 0.466667 0.500000
0.533333 0.566667 0.600000 0.633333 0.666667 0.700000 0.733333 0.766667 0.800000 0.833333 0.866667 0.900000 0.933333 0.966667 1.000000 1.033333
1.066667 1.100000 1.133333 1.166667 1.200000 1.233333 1.266667 1.300000 1.333333 1.366667 1.400000 1.433333 1.466667 1.500000 1.533333 1.566667
1.600000 1.633333 1.666667 1.700000 1.733333 1.766667 1.800000 1.833333 1.866667 1.900000 1.933333 1.966667 2.000000 2.033333 2.066667 2.100000
2.133333 2.166667 2.200000 2.233333 2.266667 2.300000 2.333333 2.366667 2.400000 2.433333 2.466667 2.500000 2.533333 2.566667 2.600000 2.633333
2.666667 2.700000 2.733333 2.766667 2.800000 2.833333 2.866667 2.900000 2.933333 2.966667 3.000000 3.033333 3.066667 3.100000 3.133333 3.166667
3.200000 3.233333 3.266667 3.300000 3.333333</float_array><technique_common><accessor source="#Zombie_Spine-Matrix-animation-input-array" count="101"><param name="TIME" type="float"/></accessor></technique_common></source><source id="Zombie_Spine-Matrix-animation-output-transform"><float_array id="Zombie_Spine-Matrix-animation-output-transform-array" count="1616">

0.999415 -0.032914 -0.009302 0.000000 0.032459 0.998439 -0.045452 9.226300 0.010784 0.045124 0.998923 1.577100 0.000000 0.000000 0.000000 1.000000
0.999534 -0.029149 -0.009020 0.000000 0.028618 0.998116 -0.054279 9.226300 0.010585 0.053995 0.998485 1.577100 0.000000 0.000000 0.000000 1.000000
0.999679 -0.024168 -0.007649 -0.000000 0.023637 0.997721 -0.063205 9.226300 0.009159 0.063004 0.997971 1.577100 0.000000 0.000000 0.000000 1.000000
0.999787 -0.019230 -0.007440 0.000000 0.018626 0.997075 -0.074121 9.226300 0.008844 0.073967 0.997221 1.577100 0.000000 0.000000 0.000000 1.000000
0.999912 -0.013097 -0.002297 0.000000 0.012844 0.996048 -0.087883 9.226300 0.003439 0.087845 0.996128 1.577100 0.000000 0.000000 0.000000 1.000000
0.999949 -0.009398 -0.003636 0.000000 0.008990 0.995001 -0.099460 9.226300 0.004553 0.099422 0.995035 1.577100 0.000000 0.000000 0.000000 1.000000
0.999980 -0.005663 0.002762 0.000000 0.005947 0.993121 -0.116941 9.226300 -0.002081 0.116955 0.993135 1.577100 0.000000 0.000000 0.000000 1.000000
0.999959 -0.005243 0.007316 0.000000 0.006012 0.993973 -0.109462 9.226300 -0.006698 0.109501 0.993964 1.577100 0.000000 0.000000 0.000000 1.000000
0.999550 -0.011491 0.027711 0.000000 0.014071 0.995397 -0.094795 9.226300 -0.026494 0.095142 0.995111 1.577100 0.000000 0.000000 0.000000 1.000000
0.999106 -0.015831 0.039195 0.000000 0.018676 0.997134 -0.073320 9.226300 -0.037922 0.073986 0.996538 1.577100 0.000000 0.000000 0.000000 1.000000
0.998833 -0.024179 0.041816 0.000000 0.025791 0.998927 -0.038454 9.226300 -0.040841 0.039488 0.998385 1.577100 0.000000 0.000000 0.000000 1.000000
0.998099 -0.029603 0.054048 -0.000000 0.030145 0.999503 -0.009236 9.226300 -0.053747 0.010848 0.998496 1.577100 0.000000 0.000000 0.000000 1.000000
0.996624 -0.032917 0.075212 0.000000 0.031594 0.999326 0.018713 9.226300 -0.075778 -0.016274 0.996992 1.577100 0.000000 0.000000 0.000000 1.000000
0.995489 -0.035861 0.087838 0.000000 0.032470 0.998683 0.039735 9.226300 -0.089147 -0.036704 0.995342 1.577100 0.000000 0.000000 0.000000 1.000000
0.994694 -0.039297 0.095073 -0.000000 0.034390 0.998018 0.052708 9.226300 -0.096956 -0.049159 0.994074 1.577100 0.000000 0.000000 0.000000 1.000000
0.993427 -0.030192 0.110414 0.000000 0.023623 0.997899 0.060323 9.226300 -0.112003 -0.057318 0.992053 1.577100 0.000000 0.000000 0.000000 1.000000
0.990585 -0.009036 0.136598 0.000000 -0.000749 0.997447 0.071411 9.226300 -0.136895 -0.070841 0.988049 1.577100 0.000000 0.000000 0.000000 1.000000
0.985905 0.015203 0.166615 -0.000000 -0.030041 0.995764 0.086899 9.226300 -0.164588 -0.090679 0.982185 1.577100 0.000000 0.000000 0.000000 1.000000
0.979748 0.038035 0.196588 0.000000 -0.057406 0.993935 0.093796 9.226300 -0.191828 -0.103181 0.975990 1.577100 0.000000 0.000000 0.000000 1.000000
0.973818 0.050555 0.221636 0.000000 -0.074404 0.992140 0.100608 9.226300 -0.214808 -0.114464 0.969925 1.577100 0.000000 0.000000 0.000000 1.000000
0.970867 0.058721 0.232311 0.000000 -0.085816 0.990408 0.108295 9.226300 -0.223724 -0.125076 0.966594 1.577100 0.000000 0.000000 0.000000 1.000000
0.969915 0.062239 0.235354 0.000000 -0.091490 0.989088 0.115476 9.226300 -0.225599 -0.133535 0.965025 1.577100 0.000000 0.000000 0.000000 1.000000
0.970052 0.059812 0.235417 0.000000 -0.088521 0.989606 0.113331 9.226300 -0.226191 -0.130777 0.965264 1.577100 0.000000 0.000000 0.000000 1.000000
0.969863 0.055758 0.237187 0.000000 -0.082822 0.990942 0.105712 9.226300 -0.229144 -0.122171 0.965695 1.577100 0.000000 0.000000 0.000000 1.000000
0.968052 0.054090 0.244847 0.000000 -0.079642 0.992221 0.095684 9.226300 -0.237766 -0.112127 0.964829 1.577100 0.000000 0.000000 0.000000 1.000000
0.964476 0.054050 0.258580 0.000000 -0.077435 0.993692 0.081113 9.226300 -0.252565 -0.098255 0.962578 1.577100 0.000000 0.000000 0.000000 1.000000
0.960678 0.057447 0.271656 0.000000 -0.076628 0.995221 0.060530 9.226300 -0.266880 -0.078966 0.960489 1.577100 0.000000 0.000000 0.000000 1.000000
0.958323 0.059218 0.279483 0.000000 -0.072538 0.996659 0.037550 9.226300 -0.276326 -0.056259 0.959416 1.577100 0.000000 0.000000 0.000000 1.000000
0.959670 0.052736 0.276138 -0.000000 -0.058140 0.998243 0.011412 9.226300 -0.275051 -0.027006 0.961050 1.577100 0.000000 0.000000 0.000000 1.000000
0.959957 0.038844 0.277441 -0.000000 -0.036018 0.999234 -0.015279 9.226300 -0.277822 0.004674 0.960621 1.577100 0.000000 0.000000 0.000000 1.000000
0.959290 0.027718 0.281060 0.000000 -0.015828 0.998885 -0.044484 9.226300 -0.281980 0.038225 0.958659 1.577100 0.000000 0.000000 0.000000 1.000000
0.959666 0.019055 0.280496 0.000000 0.015100 0.992767 -0.119105 9.226300 -0.280737 0.118536 0.952437 1.577100 0.000000 0.000000 0.000000 1.000000
0.957504 0.009408 0.288266 0.000000 0.043832 0.983112 -0.177678 9.226300 -0.285069 0.182762 0.940922 1.577100 0.000000 0.000000 0.000000 1.000000
0.968688 0.008974 0.248119 0.000000 0.038200 0.982060 -0.184657 9.226300 -0.245325 0.188353 0.950967 1.577100 0.000000 0.000000 0.000000 1.000000
0.977136 -0.056152 0.205065 0.000000 0.087740 0.985035 -0.148351 9.226300 -0.193666 0.162951 0.967440 1.577100 0.000000 0.000000 0.000000 1.000000
0.985468 -0.101618 0.136111 0.000000 0.113408 0.990171 -0.081851 9.226300 -0.126455 0.096097 0.987307 1.577100 0.000000 0.000000 0.000000 1.000000
0.992040 -0.107849 0.065000 0.000000 0.113522 0.989355 -0.091042 9.226300 -0.054490 0.097697 0.993723 1.577100 0.000000 0.000000 0.000000 1.000000
0.995072 -0.099153 -0.000764 0.000000 0.098350 0.987938 -0.119608 9.226300 0.012615 0.118943 0.992821 1.577100 0.000000 0.000000 0.000000 1.000000
0.993369 -0.098641 -0.059068 -0.000000 0.091064 0.988646 -0.119525 9.226300 0.070187 0.113354 0.991072 1.577100 0.000000 0.000000 0.000000 1.000000
0.987820 -0.102551 -0.117023 0.000000 0.091304 0.991015 -0.097739 9.226300 0.125995 0.085864 0.988308 1.577100 0.000000 0.000000 0.000000 1.000000
0.981463 -0.108111 -0.158251 0.000000 0.095145 0.991623 -0.087355 9.226300 0.166370 0.070679 0.983527 1.577100 0.000000 0.000000 0.000000 1.000000
0.976260 -0.114546 -0.183838 0.000000 0.099490 0.991036 -0.089157 9.226300 0.192403 0.068751 0.978905 1.577100 0.000000 0.000000 0.000000 1.000000
0.973423 -0.118921 -0.195717 0.000000 0.105392 0.991352 -0.078186 9.226300 0.203323 0.055481 0.977539 1.577100 0.000000 0.000000 0.000000 1.000000
0.973250 -0.123191 -0.193928 0.000000 0.116130 0.992102 -0.047408 9.226300 0.198237 0.023619 0.979870 1.577100 0.000000 0.000000 0.000000 1.000000
0.973610 -0.127452 -0.189314 0.000000 0.128479 0.991688 -0.006886 9.226300 0.188618 -0.017618 0.981892 1.577100 0.000000 0.000000 0.000000 1.000000
0.972677 -0.132310 -0.190771 0.000000 0.141904 0.989170 0.037482 9.226300 0.183745 -0.063530 0.980919 1.577100 0.000000 0.000000 0.000000 1.000000
0.972510 -0.133657 -0.190683 0.000000 0.149911 0.985966 0.073470 9.226300 0.178188 -0.100035 0.978898 1.577100 0.000000 0.000000 0.000000 1.000000
0.974847 -0.128023 -0.182439 0.000000 0.148312 0.983641 0.102245 9.226300 0.166365 -0.126731 0.977886 1.577100 0.000000 0.000000 0.000000 1.000000
0.978850 -0.119581 -0.165993 0.000000 0.141359 0.981877 0.126239 9.226300 0.147889 -0.147033 0.978013 1.577100 0.000000 0.000000 0.000000 1.000000
0.981550 -0.109062 -0.157049 0.000000 0.132282 0.980414 0.145912 9.226300 0.138060 -0.163994 0.976752 1.577100 0.000000 0.000000 0.000000 1.000000
0.983675 -0.100147 -0.149510 0.000000 0.124567 0.978547 0.164099 9.226300 0.129869 -0.180044 0.975048 1.577100 0.000000 0.000000 0.000000 1.000000
0.985928 -0.089397 -0.141258 0.000000 0.114554 0.976711 0.181421 9.226300 0.121750 -0.195049 0.973207 1.577100 0.000000 0.000000 0.000000 1.000000
0.988024 -0.079847 -0.132035 0.000000 0.105873 0.973301 0.203656 9.226300 0.112249 -0.215196 0.970098 1.577100 0.000000 0.000000 0.000000 1.000000
0.989857 -0.067855 -0.124812 -0.000000 0.094727 0.969994 0.223918 9.226300 0.105873 -0.233470 0.966583 1.577100 0.000000 0.000000 0.000000 1.000000
0.991227 -0.058592 -0.118477 0.000000 0.085771 0.967152 0.239293 9.226300 0.100564 -0.247355 0.963692 1.577100 0.000000 0.000000 0.000000 1.000000
0.993355 -0.051945 -0.102699 0.000000 0.076324 0.965225 0.250030 9.226300 0.086140 -0.256207 0.962776 1.577100 0.000000 0.000000 0.000000 1.000000
0.993796 -0.058423 -0.094633 -0.000000 0.081677 0.960918 0.264508 9.226300 0.075482 -0.270597 0.959729 1.577100 0.000000 0.000000 0.000000 1.000000
0.995105 -0.053996 -0.082762 0.000000 0.074385 0.960646 0.267632 9.226300 0.065054 -0.272478 0.959960 1.577100 0.000000 0.000000 0.000000 1.000000
0.998037 -0.026736 -0.056628 0.000000 0.041318 0.960652 0.274663 9.226300 0.047057 -0.276464 0.959872 1.577100 0.000000 0.000000 0.000000 1.000000
0.999496 0.001394 -0.031729 0.000000 0.007481 0.960591 0.277865 9.226300 0.030866 -0.277962 0.960096 1.577100 0.000000 0.000000 0.000000 1.000000
0.999543 0.029579 -0.006171 0.000000 -0.026870 0.963529 0.266250 9.226300 0.013821 -0.265963 0.963884 1.577100 0.000000 0.000000 0.000000 1.000000
0.997570 0.066783 0.019850 0.000000 -0.069613 0.966979 0.245163 9.226300 -0.002822 -0.245949 0.969279 1.577100 0.000000 0.000000 0.000000 1.000000
0.994244 0.100615 0.036807 0.000000 -0.106248 0.970129 0.218084 9.226300 -0.013765 -0.220740 0.975236 1.577100 0.000000 0.000000 0.000000 1.000000
0.988327 0.138295 0.063906 0.000000 -0.147319 0.974439 0.169603 9.226300 -0.038817 -0.177038 0.983438 1.577100 0.000000 0.000000 0.000000 1.000000
0.980956 0.159241 0.111207 -0.000000 -0.169533 0.981392 0.090154 9.226300 -0.094781 -0.107290 0.989700 1.577100 0.000000 0.000000 0.000000 1.000000
0.967113 0.147074 0.207513 -0.000000 -0.154351 0.987829 0.019232 9.226300 -0.202159 -0.050629 0.978043 1.577100 0.000000 0.000000 0.000000 1.000000
0.969818 0.058251 0.236770 0.000000 -0.050202 0.997942 -0.039892 9.226300 -0.238607 0.026802 0.970746 1.577100 0.000000 0.000000 0.000000 1.000000
0.980332 0.088437 0.176434 0.000000 -0.091338 0.995785 0.008376 9.226300 -0.174949 -0.024326 0.984277 1.577100 0.000000 0.000000 0.000000 1.000000
0.971715 0.189249 0.141262 0.000000 -0.186980 0.981927 -0.029288 9.226300 -0.144252 0.002046 0.989539 1.577100 0.000000 0.000000 0.000000 1.000000
0.957791 0.257165 0.128460 0.000000 -0.246898 0.964799 -0.090583 9.226300 -0.147232 0.055043 0.987569 1.577100 0.000000 0.000000 0.000000 1.000000
0.939880 0.307075 0.149434 0.000000 -0.283769 0.945696 -0.158537 9.226300 -0.190002 0.106601 0.975979 1.577100 0.000000 0.000000 0.000000 1.000000
0.926325 0.365547 0.091091 -0.000000 -0.348191 0.923068 -0.163427 9.226300 -0.143824 0.119670 0.982341 1.577100 0.000000 0.000000 0.000000 1.000000
0.912600 0.407248 0.036196 0.000000 -0.400270 0.907979 -0.123928 9.226300 -0.083335 0.098608 0.991631 1.577100 0.000000 0.000000 0.000000 1.000000
0.905547 0.424045 0.013068 0.000000 -0.420561 0.901307 -0.103799 9.226300 -0.055794 0.088499 0.994512 1.577100 0.000000 0.000000 0.000000 1.000000
0.905018 0.425072 -0.016025 -0.000000 -0.425105 0.902462 -0.069623 9.226300 -0.015133 0.069823 0.997445 1.577100 0.000000 0.000000 0.000000 1.000000
0.907858 0.414686 -0.061882 0.000000 -0.417693 0.907343 -0.047556 9.226300 0.036427 0.069021 0.996950 1.577100 0.000000 0.000000 0.000000 1.000000
0.914244 0.393468 -0.096648 0.000000 -0.398277 0.916555 -0.036093 9.226300 0.074382 0.071490 0.994664 1.577100 0.000000 0.000000 0.000000 1.000000
0.928582 0.356856 -0.101923 -0.000000 -0.361560 0.931816 -0.031528 9.226300 0.083722 0.066128 0.994293 1.577100 0.000000 0.000000 0.000000 1.000000
0.933241 0.339817 -0.116561 0.000000 -0.346885 0.936763 -0.046324 9.226300 0.093448 0.083665 0.992103 1.577100 0.000000 0.000000 0.000000 1.000000
0.931020 0.335433 -0.143825 0.000000 -0.342082 0.939375 -0.023559 9.226300 0.127203 0.071134 0.989323 1.577100 0.000000 0.000000 0.000000 1.000000
0.933945 0.316883 -0.165321 0.000000 -0.317819 0.947908 0.021475 9.226300 0.163514 0.032486 0.986006 1.577100 0.000000 0.000000 0.000000 1.000000
0.935778 0.296650 -0.190572 0.000000 -0.288575 0.954934 0.069472 9.226300 0.202592 -0.010016 0.979212 1.577100 0.000000 0.000000 0.000000 1.000000
0.939859 0.276309 -0.200794 -0.000000 -0.260722 0.960131 0.100859 9.226300 0.220657 -0.042441 0.974428 1.577100 0.000000 0.000000 0.000000 1.000000
0.946103 0.259996 -0.193107 0.000000 -0.245852 0.964705 0.094342 9.226300 0.210820 -0.041782 0.976632 1.577100 0.000000 0.000000 0.000000 1.000000
0.953065 0.245215 -0.177584 0.000000 -0.238203 0.969353 0.060124 9.226300 0.186884 -0.015001 0.982267 1.577100 0.000000 0.000000 0.000000 1.000000
0.957704 0.234802 -0.166348 0.000000 -0.232979 0.971998 0.030675 9.226300 0.168892 0.009378 0.985590 1.577100 0.000000 0.000000 0.000000 1.000000
0.959942 0.230130 -0.159849 0.000000 -0.230921 0.972874 0.013867 9.226300 0.158704 0.023601 0.987044 1.577100 0.000000 0.000000 0.000000 1.000000
0.962759 0.225049 -0.149827 0.000000 -0.226220 0.974031 0.009407 9.226300 0.148054 0.024838 0.988667 1.577100 0.000000 0.000000 0.000000 1.000000
0.964843 0.224243 -0.137085 0.000000 -0.224725 0.974346 0.012154 9.226300 0.136293 0.019080 0.990485 1.577100 0.000000 0.000000 0.000000 1.000000
0.965296 0.230083 -0.123555 0.000000 -0.229485 0.973122 0.019242 9.226300 0.124662 0.009780 0.992151 1.577100 0.000000 0.000000 0.000000 1.000000
0.964727 0.234538 -0.119556 0.000000 -0.233183 0.972101 0.025397 9.226300 0.122177 0.003378 0.992503 1.577100 0.000000 0.000000 0.000000 1.000000
0.964244 0.237482 -0.117621 -0.000000 -0.236174 0.971385 0.025145 9.226300 0.120227 0.003533 0.992740 1.577100 0.000000 0.000000 0.000000 1.000000
0.964863 0.234284 -0.118953 0.000000 -0.233771 0.972117 0.018447 9.226300 0.119958 0.010009 0.992729 1.577100 0.000000 0.000000 0.000000 1.000000
0.965873 0.228865 -0.121281 0.000000 -0.229300 0.973299 0.010552 9.226300 0.120458 0.017618 0.992562 1.577100 0.000000 0.000000 0.000000 1.000000
0.966641 0.224881 -0.122609 0.000000 -0.225983 0.974118 0.005025 9.226300 0.120566 0.022850 0.992442 1.577100 0.000000 0.000000 0.000000 1.000000
0.966900 0.223574 -0.122960 0.000000 -0.224880 0.974381 0.003337 9.226300 0.120556 0.024425 0.992406 1.577100 0.000000 0.000000 0.000000 1.000000
0.966833 0.224712 -0.121400 0.000000 -0.225608 0.974197 0.006494 9.226300 0.119727 0.021110 0.992582 1.577100 0.000000 0.000000 0.000000 1.000000
0.966832 0.226839 -0.117389 0.000000 -0.227334 0.973772 0.009333 9.226300 0.116427 0.017663 0.993042 1.577100 0.000000 0.000000 0.000000 1.000000
0.966722 0.229808 -0.112411 0.000000 -0.230093 0.973111 0.010610 9.226300 0.111827 0.015608 0.993605 1.577100 0.000000 0.000000 0.000000 1.000000
0.966141 0.234873 -0.106800 -0.000000 -0.234952 0.971933 0.012021 9.226300 0.106626 0.013479 0.994208 1.577100 0.000000 0.000000 0.000000 1.000000
0.965652 0.239908 -0.099803 0.000000 -0.239792 0.970733 0.013328 9.226300 0.100079 0.011062 0.994918 1.577100 0.000000 0.000000 0.000000 1.000000</float_array><technique_common><accessor source="#Zombie_Spine-Matrix-animation-output-transform-array" count="101" stride="16"><param type="float4x4"/></accessor></technique_common></source><source id="Zombie_Spine-Interpolations"><Name_array id="Zombie_Spine-Interpolations-array" count="101">
 LINEAR LINEAR LINEAR LINEAR LINEAR LINEAR LINEAR LINEAR LINEAR LINEAR LINEAR
LINEAR LINEAR LINEAR LINEAR LINEAR LINEAR LINEAR LINEAR LINEAR LINEAR LINEAR LINEAR
LINEAR LINEAR LINEAR LINEAR LINEAR LINEAR LINEAR LINEAR LINEAR LINEAR LINEAR LINEAR
LINEAR LINEAR LINEAR LINEAR LINEAR LINEAR LINEAR LINEAR LINEAR LINEAR LINEAR LINEAR
LINEAR LINEAR LINEAR LINEAR LINEAR LINEAR LINEAR LINEAR LINEAR LINEAR LINEAR LINEAR
LINEAR LINEAR LINEAR LINEAR LINEAR LINEAR LINEAR LINEAR LINEAR LINEAR LINEAR LINEAR
LINEAR LINEAR LINEAR LINEAR LINEAR LINEAR LINEAR LINEAR LINEAR LINEAR LINEAR LINEAR
LINEAR LINEAR LINEAR LINEAR LINEAR LINEAR LINEAR LINEAR LINEAR LINEAR LINEAR LINEAR
LINEAR LINEAR LINEAR LINEAR LINEAR LINEAR</Name_array><technique_common><accessor source="#Zombie_Spine-Interpolations-array" count="101"><param type="name"/></accessor></technique_common></source><sampler id="Zombie_Spine-Matrix-animation-transform"><input semantic="INPUT" source="#Zombie_Spine-Matrix-animation-input"/><input semantic="OUTPUT" source="#Zombie_Spine-Matrix-animation-output-transform"/><input semantic="INTERPOLATION" source="#Zombie_Spine-Interpolations"/></sampler><channel source="#Zombie_Spine-Matrix-animation-transform" target="Zombie_Spine/matrix"/></animation>
    <animation id="Zombie_Spine1-anim" name="Zombie_Spine1"><source id="Zombie_Spine1-Matrix-animation-input"><float_array id="Zombie_Spine1-Matrix-animation-input-array" count="101">

0.000000 0.033333 0.066667 0.100000 0.133333 0.166667 0.200000 0.233333 0.266667 0.300000 0.333333 0.366667 0.400000 0.433333 0.466667 0.500000
0.533333 0.566667 0.600000 0.633333 0.666667 0.700000 0.733333 0.766667 0.800000 0.833333 0.866667 0.900000 0.933333 0.966667 1.000000 1.033333
1.066667 1.100000 1.133333 1.166667 1.200000 1.233333 1.266667 1.300000 1.333333 1.366667 1.400000 1.433333 1.466667 1.500000 1.533333 1.566667
1.600000 1.633333 1.666667 1.700000 1.733333 1.766667 1.800000 1.833333 1.866667 1.900000 1.933333 1.966667 2.000000 2.033333 2.066667 2.100000
2.133333 2.166667 2.200000 2.233333 2.266667 2.300000 2.333333 2.366667 2.400000 2.433333 2.466667 2.500000 2.533333 2.566667 2.600000 2.633333
2.666667 2.700000 2.733333 2.766667 2.800000 2.833333 2.866667 2.900000 2.933333 2.966667 3.000000 3.033333 3.066667 3.100000 3.133333 3.166667
3.200000 3.233333 3.266667 3.300000 3.333333</float_array><technique_common><accessor source="#Zombie_Spine1-Matrix-animation-input-array" count="101"><param name="TIME" type="float"/></accessor></technique_common></source><source id="Zombie_Spine1-Matrix-animation-output-transform"><float_array id="Zombie_Spine1-Matrix-animation-output-transform-array" count="1616">

0.999491 -0.025009 -0.019785 0.000000 0.022299 0.991652 -0.126998 16.254000 0.022796 0.126492 0.991706 -0.165600 0.000000 0.000000 0.000000 1.000000
0.999578 -0.022540 -0.018328 0.000000 0.020197 0.992662 -0.119224 16.254000 0.020881 0.118803 0.992698 -0.165600 0.000000 0.000000 0.000000 1.000000
0.999679 -0.019381 -0.016337 0.000000 0.017461 0.993734 -0.110399 16.254000 0.018374 0.110078 0.993753 -0.165600 0.000000 0.000000 0.000000 1.000000
0.999759 -0.016335 -0.014698 -0.000000 0.014758 0.994712 -0.101633 16.254000 0.016280 0.101391 0.994713 -0.165600 0.000000 0.000000 0.000000 1.000000
0.999846 -0.014201 -0.010296 0.000000 0.013186 0.995604 -0.092734 16.254000 0.011568 0.092583 0.995638 -0.165600 0.000000 0.000000 0.000000 1.000000
0.999904 -0.009702 -0.009890 0.000000 0.008841 0.996452 -0.083697 16.254000 0.010667 0.083601 0.996442 -0.165600 0.000000 0.000000 0.000000 1.000000
0.999958 -0.007489 -0.005233 -0.000000 0.007066 0.997034 -0.076639 16.254000 0.005792 0.076599 0.997045 -0.165600 0.000000 0.000000 0.000000 1.000000
0.999970 -0.007650 -0.001179 0.000000 0.007561 0.998008 -0.062626 16.254000 0.001656 0.062615 0.998036 -0.165600 0.000000 0.000000 0.000000 1.000000
0.999930 -0.007722 0.008928 0.000000 0.008119 0.998937 -0.045380 16.254000 -0.008568 0.045450 0.998930 -0.165600 0.000000 0.000000 0.000000 1.000000
0.999856 -0.007887 0.015022 0.000000 0.008299 0.999585 -0.027590 16.254000 -0.014798 0.027711 0.999506 -0.165600 0.000000 0.000000 0.000000 1.000000
0.999779 -0.011730 0.017421 -0.000000 0.011858 0.999903 -0.007258 16.254000 -0.017334 0.007463 0.999822 -0.165600 0.000000 0.000000 0.000000 1.000000
0.999624 -0.014040 0.023547 -0.000000 0.013851 0.999871 0.008144 16.254000 -0.023658 -0.007815 0.999690 -0.165600 0.000000 0.000000 0.000000 1.000000
0.999379 -0.012567 0.032929 0.000000 0.011949 0.999750 0.018882 16.254000 -0.033158 -0.018477 0.999279 -0.165600 0.000000 0.000000 0.000000 1.000000
0.999177 -0.012626 0.038540 -0.000000 0.011622 0.999590 0.026152 16.254000 -0.038854 -0.025682 0.998915 -0.165600 0.000000 0.000000 0.000000 1.000000
