<?xml version="1.0" encoding="utf-8"?>
<COLLADA xmlns="http://www.collada.org/2005/11/COLLADASchema" version="1.4.1">
  <asset><contributor><author>Mixamo</author><authoring_tool>COLLADA Mixamo exporter</authoring_tool><comments></comments></contributor><created>2021-01-05T12:18:48Z</created><modified>2021-01-05T12:18:48Z</modified><revision></revision><title></title><unit meter="0.010000"/><up_axis>Y_UP</up_axis></asset>
  <library_animations>
    <animation id="Zombie_Hips-anim" name="Zombie_Hips"><source id="Zombie_Hips-Matrix-animation-input"><float_array id="Zombie_Hips-Matrix-animation-input-array" count="80">

0.000000 0.033333 0.066667 0.100000 0.133333 0.166667 0.200000 0.233333 0.266667 0.300000 0.333333 0.366667 0.400000 0.433333 0.466667 0.500000
0.533333 0.566667 0.600000 0.633333 0.666667 0.700000 0.733333 0.766667 0.800000 0.833333 0.866667 0.900000 0.933333 0.966667 1.000000 1.033333
1.066667 1.100000 1.133333 1.166667 1.200000 1.233333 1.266667 1.300000 1.333333 1.366667 1.400000 1.433333 1.466667 1.500000 1.533333 1.566667
1.600000 1.633333 1.666667 1.700000 1.733333 1.766667 1.800000 1.833333 1.866667 1.900000 1.933333 1.966667 2.000000 2.033333 2.066667 2.100000
2.133333 2.166667 2.200000 2.233333 2.266667 2.300000 2.333333 2.366667 2.400000 2.433333 2.466667 2.500000 2.533333 2.566667 2.600000 2.633333</float_array><technique_common><accessor source="#Zombie_Hips-Matrix-animation-input-array" count="80"><param name="TIME" type="float"/></accessor></technique_common></source><source id="Zombie_Hips-Matrix-animation-output-transform"><float_array id="Zombie_Hips-Matrix-animation-output-transform-array" count="1280">

0.945774 -0.004036 -0.324799 0.659074 -0.061945 0.979331 -0.192546 87.736908 0.318863 0.202225 0.925976 -2.162760 0.000000 0.000000 0.000000 1.000000
0.947980 -0.001503 -0.318327 0.381304 -0.064450 0.978373 -0.196551 88.187096 0.311738 0.206842 0.927381 -2.293226 0.000000 0.000000 0.000000 1.000000
0.949896 -0.001302 -0.312564 0.089937 -0.064553 0.977615 -0.200254 88.591965 0.305828 0.210397 0.928549 -2.439739 0.000000 0.000000 0.000000 1.000000
0.950548 -0.002477 -0.310567 -0.318998 -0.062765 0.977803 -0.199903 88.973412 0.304168 0.209510 0.929294 -2.692576 0.000000 0.000000 0.000000 1.000000
0.947980 -0.005668 -0.318281 -0.840818 -0.058191 0.979908 -0.190771 89.270676 0.312967 0.199368 0.928603 -2.944033 0.000000 0.000000 0.000000 1.000000
0.939888 -0.014567 -0.341172 -1.445063 -0.046580 0.984282 -0.170349 89.385086 0.338291 0.176001 0.924436 -3.060864 0.000000 0.000000 0.000000 1.000000
0.924074 -0.029177 -0.381097 -2.044209 -0.026701 0.989718 -0.140517 89.269196 0.381279 0.140024 0.913794 -2.905483 0.000000 0.000000 0.000000 1.000000
0.900472 -0.044207 -0.432661 -2.544731 -0.000074 0.994805 -0.101797 88.927010 0.434914 0.091697 0.895791 -2.369074 0.000000 0.000000 0.000000 1.000000
0.866746 -0.057608 -0.495411 -2.913333 0.029416 0.997482 -0.064525 88.439682 0.497881 0.041353 0.866259 -1.403653 0.000000 0.000000 0.000000 1.000000
0.804961 -0.064764 -0.589783 -3.448102 0.053619 0.997898 -0.036399 87.913033 0.590900 -0.002324 0.806741 -0.138853 0.000000 0.000000 0.000000 1.000000
0.724149 -0.073344 -0.685733 -4.089772 0.078912 0.996610 -0.023261 87.599876 0.685114 -0.037268 0.727482 1.564991 0.000000 0.000000 0.000000 1.000000
0.678147 -0.103514 -0.727600 -4.137130 0.108037 0.993317 -0.040623 87.593353 0.726942 -0.051059 0.684798 3.370862 0.000000 0.000000 0.000000 1.000000
0.643336 -0.135571 -0.753485 -4.081304 0.140915 0.988350 -0.057514 87.690247 0.752504 -0.069177 0.654945 5.086867 0.000000 0.000000 0.000000 1.000000
0.608335 -0.156891 -0.778019 -4.060171 0.169082 0.983383 -0.066098 87.596191 0.775461 -0.091339 0.624754 6.574778 0.000000 0.000000 0.000000 1.000000
0.578327 -0.174948 -0.796826 -4.024268 0.193218 0.978319 -0.074561 87.402023 0.792594 -0.110840 0.599591 7.861736 0.000000 0.000000 0.000000 1.000000
0.559109 -0.193095 -0.806295 -3.896104 0.213868 0.973179 -0.084759 87.290474 0.801035 -0.125051 0.585410 8.896936 0.000000 0.000000 0.000000 1.000000
0.547558 -0.208914 -0.810269 -3.717858 0.227706 0.968990 -0.095960 87.157417 0.805190 -0.131960 0.578149 9.597519 0.000000 0.000000 0.000000 1.000000
0.539299 -0.219214 -0.813082 -3.498492 0.230449 0.967085 -0.107883 87.000198 0.809969 -0.129193 0.572066 10.047258 0.000000 0.000000 0.000000 1.000000
0.537576 -0.225428 -0.812523 -3.175423 0.225840 0.966889 -0.118836 86.974869 0.812409 -0.119617 0.570687 10.406507 0.000000 0.000000 0.000000 1.000000
0.545952 -0.229429 -0.805791 -2.715724 0.217741 0.967581 -0.127967 87.059601 0.809027 -0.105590 0.578209 10.707723 0.000000 0.000000 0.000000 1.000000
0.570226 -0.228908 -0.788951 -2.187401 0.204748 0.969687 -0.133363 87.124954 0.795563 -0.085489 0.599809 10.929848 0.000000 0.000000 0.000000 1.000000
0.622478 -0.218343 -0.751563 -1.765689 0.185912 0.974061 -0.129001 87.259331 0.760235 -0.059424 0.646925 11.046890 0.000000 0.000000 0.000000 1.000000
0.705278 -0.195726 -0.681377 -1.586250 0.164317 0.980091 -0.111452 87.659248 0.689626 -0.033357 0.723397 11.037993 0.000000 0.000000 0.000000 1.000000
0.806154 -0.162629 -0.568918 -1.513509 0.137668 0.986653 -0.086966 88.287331 0.575468 -0.008214 0.817783 11.011132 0.000000 0.000000 0.000000 1.000000
0.904041 -0.123377 -0.409252 -1.521415 0.104542 0.992181 -0.068177 88.943626 0.414463 0.018851 0.909871 10.960557 0.000000 0.000000 0.000000 1.000000
0.973608 -0.087105 -0.210950 -1.764334 0.074567 0.994983 -0.066692 89.831963 0.215701 0.049202 0.975219 10.538478 0.000000 0.000000 0.000000 1.000000
0.998298 -0.057755 -0.008098 -2.034722 0.056984 0.995526 -0.075373 90.732040 0.012415 0.074783 0.997123 9.476035 0.000000 0.000000 0.000000 1.000000
0.986977 -0.027302 0.158528 -1.922225 0.041698 0.995229 -0.088206 91.162994 -0.155364 0.093667 0.983407 7.975345 0.000000 0.000000 0.000000 1.000000
0.961810 0.017262 0.273172 -1.619422 0.014599 0.993354 -0.114173 90.980743 -0.273327 0.113800 0.955166 6.235847 0.000000 0.000000 0.000000 1.000000
0.937700 0.067749 0.340776 -1.519690 -0.016215 0.988269 -0.151857 90.415482 -0.347066 0.136871 0.927799 4.569583 0.000000 0.000000 0.000000 1.000000
0.923990 0.094515 0.370554 -1.871681 -0.018550 0.978914 -0.203430 90.003632 -0.381967 0.181094 0.906259 3.495646 0.000000 0.000000 0.000000 1.000000
0.916820 0.101165 0.386273 -2.569484 0.003710 0.965173 -0.261585 89.679939 -0.399284 0.241260 0.884515 3.053289 0.000000 0.000000 0.000000 1.000000
0.903471 0.112662 0.413579 -3.340306 0.020733 0.952227 -0.304687 88.819618 -0.428148 0.283850 0.857974 2.961179 0.000000 0.000000 0.000000 1.000000
0.878940 0.132813 0.458068 -4.105594 0.025714 0.945851 -0.323580 87.301056 -0.476240 0.296186 0.827931 3.095264 0.000000 0.000000 0.000000 1.000000
0.853000 0.156087 0.498024 -4.877522 0.024188 0.941383 -0.336470 85.542786 -0.521350 0.299055 0.799225 3.477209 0.000000 0.000000 0.000000 1.000000
0.835943 0.190935 0.514532 -5.586043 0.009937 0.932111 -0.362038 83.905197 -0.548726 0.307756 0.777294 3.912900 0.000000 0.000000 0.000000 1.000000
0.826864 0.229935 0.513250 -6.214209 -0.009073 0.917939 -0.396617 82.410378 -0.562329 0.323291 0.761097 4.134769 0.000000 0.000000 0.000000 1.000000
0.825966 0.255684 0.502400 -6.721857 -0.022522 0.905478 -0.423795 81.244232 -0.563270 0.338725 0.753652 4.139125 0.000000 0.000000 0.000000 1.000000
0.835246 0.260892 0.484045 -6.967965 -0.031773 0.901707 -0.431179 80.591866 -0.548958 0.344761 0.761436 4.003693 0.000000 0.000000 0.000000 1.000000
0.853999 0.245759 0.458571 -6.934638 -0.033476 0.905533 -0.422953 80.633881 -0.519196 0.345850 0.781552 3.660107 0.000000 0.000000 0.000000 1.000000
0.877914 0.220448 0.425053 -6.742895 -0.028896 0.910487 -0.412528 81.133324 -0.477946 0.349881 0.805699 3.039480 0.000000 0.000000 0.000000 1.000000
0.904989 0.192359 0.379465 -6.544963 -0.029568 0.918226 -0.394952 81.632904 -0.424407 0.346207 0.836672 2.133842 0.000000 0.000000 0.000000 1.000000
0.931328 0.171114 0.321480 -6.568801 -0.043763 0.928931 -0.367658 81.998833 -0.361544 0.328341 0.872627 0.999685 0.000000 0.000000 0.000000 1.000000
0.953737 0.155120 0.257535 -6.784467 -0.062824 0.940531 -0.333847 82.450165 -0.294006 0.302223 0.906764 -0.172713 0.000000 0.000000 0.000000 1.000000
0.973858 0.131433 0.185273 -6.676818 -0.072213 0.952431 -0.296075 83.173233 -0.215374 0.274956 0.937024 -1.174993 0.000000 0.000000 0.000000 1.000000
0.988996 0.106411 0.102780 -6.479919 -0.076151 0.961784 -0.263005 84.058609 -0.126838 0.252284 0.959304 -2.068784 0.000000 0.000000 0.000000 1.000000
0.996336 0.083765 0.017270 -6.766529 -0.077282 0.968241 -0.237775 85.012100 -0.036638 0.235569 0.971167 -3.052355 0.000000 0.000000 0.000000 1.000000
0.995509 0.066738 -0.067137 -7.195311 -0.079674 0.973685 -0.213516 86.044533 0.051121 0.217906 0.974630 -3.944634 0.000000 0.000000 0.000000 1.000000
0.987957 0.053810 -0.145069 -7.577271 -0.080564 0.979357 -0.185391 86.965500 0.132098 0.194846 0.971898 -4.676485 0.000000 0.000000 0.000000 1.000000
0.975683 0.040834 -0.215347 -8.006939 -0.076106 0.984479 -0.158141 87.793633 0.205547 0.170685 0.963648 -5.294652 0.000000 0.000000 0.000000 1.000000
0.961116 0.023714 -0.275124 -8.500957 -0.063253 0.988723 -0.135745 88.599686 0.268802 0.147869 0.951777 -5.826159 0.000000 0.000000 0.000000 1.000000
0.946026 0.005639 -0.324042 -8.847939 -0.046438 0.991890 -0.118316 89.218971 0.320746 0.126978 0.938615 -6.133436 0.000000 0.000000 0.000000 1.000000
0.930722 -0.011000 -0.365562 -8.945740 -0.029597 0.994004 -0.105265 89.555504 0.364528 0.108792 0.924816 -6.176085 0.000000 0.000000 0.000000 1.000000
0.914829 -0.026786 -0.402952 -8.932913 -0.013039 0.995319 -0.095765 89.727753 0.403630 0.092863 0.910197 -6.071345 0.000000 0.000000 0.000000 1.000000
0.898643 -0.039894 -0.436864 -8.887954 0.001375 0.996108 -0.088134 89.838150 0.438679 0.078600 0.895200 -5.853348 0.000000 0.000000 0.000000 1.000000
0.883592 -0.051175 -0.465453 -8.837610 0.013852 0.996432 -0.083258 89.916679 0.468053 0.067119 0.881148 -5.589363 0.000000 0.000000 0.000000 1.000000
0.869966 -0.061825 -0.489220 -8.737070 0.024864 0.996347 -0.081698 89.902618 0.492484 0.058911 0.868326 -5.357747 0.000000 0.000000 0.000000 1.000000
0.857248 -0.070722 -0.510024 -8.498999 0.034428 0.996179 -0.080268 89.800652 0.513752 0.051250 0.856407 -5.138802 0.000000 0.000000 0.000000 1.000000
0.847101 -0.077409 -0.525764 -8.142851 0.040832 0.995890 -0.080840 89.673790 0.529861 0.047012 0.846780 -4.920891 0.000000 0.000000 0.000000 1.000000
0.840312 -0.082828 -0.535739 -7.721792 0.042902 0.995320 -0.086589 89.486443 0.540403 0.049777 0.839932 -4.716848 0.000000 0.000000 0.000000 1.000000
0.836843 -0.087734 -0.540367 -7.235915 0.042377 0.994494 -0.095839 89.248314 0.545800 0.057303 0.835953 -4.516668 0.000000 0.000000 0.000000 1.000000
0.838166 -0.091695 -0.537651 -6.686568 0.040467 0.993505 -0.106353 89.016907 0.543911 0.067385 0.836433 -4.331775 0.000000 0.000000 0.000000 1.000000
0.844403 -0.093943 -0.527406 -6.079976 0.037385 0.992437 -0.116921 88.785858 0.534402 0.079012 0.841529 -4.157983 0.000000 0.000000 0.000000 1.000000
0.852876 -0.094679 -0.513457 -5.434723 0.032799 0.991194 -0.128291 88.550842 0.521082 0.092576 0.848471 -3.989475 0.000000 0.000000 0.000000 1.000000
0.862058 -0.094908 -0.497844 -4.798552 0.026396 0.989384 -0.142908 88.326408 0.506122 0.110054 0.855411 -3.870177 0.000000 0.000000 0.000000 1.000000
0.872245 -0.094759 -0.479802 -4.178776 0.020144 0.987178 -0.158344 88.087547 0.488655 0.128450 0.862970 -3.763942 0.000000 0.000000 0.000000 1.000000
0.882406 -0.092235 -0.461358 -3.501548 0.013761 0.985236 -0.170649 87.841576 0.470287 0.144233 0.870648 -3.590668 0.000000 0.000000 0.000000 1.000000
0.891892 -0.085565 -0.444081 -2.769884 0.005122 0.983787 -0.179266 87.619972 0.452220 0.157611 0.877870 -3.365940 0.000000 0.000000 0.000000 1.000000
0.901058 -0.076522 -0.426894 -2.078026 -0.003655 0.982937 -0.183909 87.350403 0.433683 0.167273 0.885403 -3.105316 0.000000 0.000000 0.000000 1.000000
0.909332 -0.067970 -0.410482 -1.429775 -0.010426 0.982534 -0.185790 87.062889 0.415940 0.173225 0.892741 -2.803755 0.000000 0.000000 0.000000 1.000000
0.916530 -0.060593 -0.395349 -0.748482 -0.015325 0.982412 -0.186095 86.905685 0.399672 0.176620 0.899482 -2.461964 0.000000 0.000000 0.000000 1.000000
0.922765 -0.053571 -0.381622 -0.098737 -0.019639 0.982466 -0.185402 86.817741 0.384863 0.178577 0.905533 -2.108995 0.000000 0.000000 0.000000 1.000000
0.927978 -0.046987 -0.369660 0.398431 -0.023248 0.982786 -0.183281 86.695625 0.371909 0.178674 0.910911 -1.797342 0.000000 0.000000 0.000000 1.000000
0.932661 -0.042540 -0.358236 0.781877 -0.025149 0.982940 -0.182199 86.606567 0.359875 0.178939 0.915680 -1.579163 0.000000 0.000000 0.000000 1.000000
0.936633 -0.039370 -0.348091 1.057755 -0.026445 0.982883 -0.182324 86.515533 0.349311 0.179976 0.919560 -1.486470 0.000000 0.000000 0.000000 1.000000
0.939264 -0.035241 -0.341382 1.244458 -0.029287 0.982855 -0.182041 86.515556 0.341945 0.180983 0.922127 -1.501577 0.000000 0.000000 0.000000 1.000000
0.940626 -0.031568 -0.337974 1.285895 -0.033476 0.982185 -0.184909 86.675278 0.337790 0.185245 0.922812 -1.633727 0.000000 0.000000 0.000000 1.000000
0.942975 -0.022597 -0.332096 1.173657 -0.043575 0.980727 -0.190460 86.919540 0.330000 0.194070 0.923817 -1.809311 0.000000 0.000000 0.000000 1.000000
0.944583 -0.013083 -0.328013 0.932128 -0.053141 0.979932 -0.192116 87.281006 0.323944 0.198901 0.924932 -2.001985 0.000000 0.000000 0.000000 1.000000
0.945774 -0.004036 -0.324799 0.659072 -0.061945 0.979331 -0.192546 87.736893 0.318863 0.202225 0.925976 -2.162819 0.000000 0.000000 0.000000 1.000000</float_array><technique_common><accessor source="#Zombie_Hips-Matrix-animation-output-transform-array" count="80" stride="16"><param type="float4x4"/></accessor></technique_common></source><source id="Zombie_Hips-Interpolations"><Name_array id="Zombie_Hips-Interpolations-array" count="80">
 LINEAR LINEAR LINEAR LINEAR LINEAR LINEAR LINEAR LINEAR LINEAR LINEAR LINEAR
LINEAR LINEAR LINEAR LINEAR LINEAR LINEAR LINEAR LINEAR LINEAR LINEAR LINEAR LINEAR
LINEAR LINEAR LINEAR LINEAR LINEAR LINEAR LINEAR LINEAR LINEAR LINEAR LINEAR LINEAR
LINEAR LINEAR LINEAR LINEAR LINEAR LINEAR LINEAR LINEAR LINEAR LINEAR LINEAR LINEAR
LINEAR LINEAR LINEAR LINEAR LINEAR LINEAR LINEAR LINEAR LINEAR LINEAR LINEAR LINEAR
LINEAR LINEAR LINEAR LINEAR LINEAR LINEAR LINEAR LINEAR LINEAR LINEAR LINEAR LINEAR
LINEAR LINEAR LINEAR LINEAR LINEAR LINEAR LINEAR LINEAR LINEAR</Name_array><technique_common><accessor source="#Zombie_Hips-Interpolations-array" count="80"><param type="name"/></accessor></technique_common></source><sampler id="Zombie_Hips-Matrix-animation-transform"><input semantic="INPUT" source="#Zombie_Hips-Matrix-animation-input"/><input semantic="OUTPUT" source="#Zombie_Hips-Matrix-animation-output-transform"/><input semantic="INTERPOLATION" source="#Zombie_Hips-Interpolations"/></sampler><channel source="#Zombie_Hips-Matrix-animation-transform" target="Zombie_Hips/matrix"/></animation>
    <animation id="Zombie_Spine-anim" name="Zombie_Spine"><source id="Zombie_Spine-Matrix-animation-input"><float_array id="Zombie_Spine-Matrix-animation-input-array" count="80">

0.000000 0.033333 0.066667 0.100000 0.133333 0.166667 0.200000 0.233333 0.266667 0.300000 0.333333 0.366667 0.400000 0.433333 0.466667 0.500000
0.533333 0.566667 0.600000 0.633333 0.666667 0.700000 0.733333 0.766667 0.800000 0.833333 0.866667 0.900000 0.933333 0.966667 1.000000 1.033333
1.066667 1.100000 1.133333 1.166667 1.200000 1.233333 1.266667 1.300000 1.333333 1.366667 1.400000 1.433333 1.466667 1.500000 1.533333 1.566667
1.600000 1.633333 1.666667 1.700000 1.733333 1.766667 1.800000 1.833333 1.866667 1.900000 1.933333 1.966667 2.000000 2.033333 2.066667 2.100000
2.133333 2.166667 2.200000 2.233333 2.266667 2.300000 2.333333 2.366667 2.400000 2.433333 2.466667 2.500000 2.533333 2.566667 2.600000 2.633333</float_array><technique_common><accessor source="#Zombie_Spine-Matrix-animation-input-array" count="80"><param name="TIME" type="float"/></accessor></technique_common></source><source id="Zombie_Spine-Matrix-animation-output-transform"><float_array id="Zombie_Spine-Matrix-animation-output-transform-array" count="1280">

0.999378 -0.033923 -0.009605 0.000000 0.033494 0.998564 -0.041818 9.226300 0.011010 0.041470 0.999079 1.577100 0.000000 0.000000 0.000000 1.000000
0.999483 -0.031782 -0.004807 -0.000000 0.031569 0.998729 -0.039283 9.226300 0.006050 0.039111 0.999217 1.577100 0.000000 0.000000 0.000000 1.000000
0.999543 -0.030124 0.002631 0.000000 0.030199 0.998910 -0.035606 9.226300 -0.001555 0.035669 0.999362 1.577100 0.000000 0.000000 0.000000 1.000000
0.999445 -0.030852 0.012543 0.000000 0.031224 0.999044 -0.030598 9.226300 -0.011587 0.030973 0.999453 1.577100 0.000000 0.000000 0.000000 1.000000
0.999156 -0.036389 0.019061 -0.000000 0.036817 0.999066 -0.022628 9.226300 -0.018219 0.023310 0.999562 1.577100 0.000000 0.000000 0.000000 1.000000
0.998747 -0.046937 0.017336 0.000000 0.047100 0.998849 -0.009095 9.226300 -0.016889 0.009900 0.999808 1.577100 0.000000 0.000000 0.000000 1.000000
0.998367 -0.055030 0.015359 0.000000 0.054866 0.998434 0.010911 9.226300 -0.015935 -0.010050 0.999823 1.577100 0.000000 0.000000 0.000000 1.000000
0.998173 -0.059641 0.009705 0.000000 0.059311 0.997748 0.031315 9.226300 -0.011551 -0.030682 0.999462 1.577100 0.000000 0.000000 0.000000 1.000000
0.997651 -0.067032 -0.014082 0.000000 0.067681 0.996336 0.052294 9.226300 0.010525 -0.053124 0.998532 1.577100 0.000000 0.000000 0.000000 1.000000
0.995873 -0.077868 -0.046629 0.000000 0.081335 0.993648 0.077771 9.226300 0.040277 -0.081243 0.995880 1.577100 0.000000 0.000000 0.000000 1.000000
0.991778 -0.095756 -0.084901 0.000000 0.104440 0.989020 0.104552 9.226300 0.073957 -0.112559 0.990889 1.577100 0.000000 0.000000 0.000000 1.000000
0.986604 -0.111600 -0.118987 0.000000 0.125894 0.984724 0.120285 9.226300 0.103745 -0.133653 0.985583 1.577100 0.000000 0.000000 0.000000 1.000000
0.982294 -0.123637 -0.140756 0.000000 0.142061 0.981365 0.129392 9.226300 0.122135 -0.147097 0.981553 1.577100 0.000000 0.000000 0.000000 1.000000
0.978619 -0.130686 -0.158825 0.000000 0.152022 0.979715 0.130565 9.226300 0.138540 -0.151918 0.978636 1.577100 0.000000 0.000000 0.000000 1.000000
0.973945 -0.139222 -0.179023 0.000000 0.163020 0.978559 0.125882 9.226300 0.157659 -0.151786 0.975758 1.577100 0.000000 0.000000 0.000000 1.000000
0.968509 -0.151992 -0.197200 0.000000 0.177212 0.977170 0.117191 9.226300 0.174886 -0.148447 0.973334 1.577100 0.000000 0.000000 0.000000 1.000000
0.963987 -0.157811 -0.214069 0.000000 0.184389 0.976638 0.110358 9.226300 0.191652 -0.145855 0.970565 1.577100 0.000000 0.000000 0.000000 1.000000
0.960959 -0.156044 -0.228489 -0.000000 0.183994 0.977140 0.106503 9.226300 0.206647 -0.144386 0.967703 1.577100 0.000000 0.000000 0.000000 1.000000
0.959197 -0.156310 -0.235603 0.000000 0.184689 0.977331 0.103506 9.226300 0.214084 -0.142796 0.966322 1.577100 0.000000 0.000000 0.000000 1.000000
0.958792 -0.157770 -0.236277 0.000000 0.186007 0.977210 0.102281 9.226300 0.214756 -0.142015 0.966288 1.577100 0.000000 0.000000 0.000000 1.000000
0.959306 -0.156545 -0.235000 0.000000 0.184970 0.977215 0.104105 9.226300 0.213348 -0.143336 0.966404 1.577100 0.000000 0.000000 0.000000 1.000000
0.960381 -0.153774 -0.232427 0.000000 0.182932 0.977011 0.109476 9.226300 0.210250 -0.147656 0.966433 1.577100 0.000000 0.000000 0.000000 1.000000
0.962596 -0.145373 -0.228640 0.000000 0.175966 0.977107 0.119572 9.226300 0.206023 -0.155332 0.966140 1.577100 0.000000 0.000000 0.000000 1.000000
0.966298 -0.132664 -0.220610 0.000000 0.164009 0.977806 0.130374 9.226300 0.198418 -0.162162 0.966609 1.577100 0.000000 0.000000 0.000000 1.000000
0.974495 -0.116130 -0.192022 0.000000 0.144161 0.979731 0.139086 9.226300 0.171977 -0.163221 0.971485 1.577100 0.000000 0.000000 0.000000 1.000000
0.986318 -0.087494 -0.139717 0.000000 0.108027 0.983238 0.146880 9.226300 0.124524 -0.159964 0.979237 1.577100 0.000000 0.000000 0.000000 1.000000
0.995812 -0.053536 -0.074110 0.000000 0.063602 0.987977 0.140912 9.226300 0.065675 -0.145035 0.987244 1.577100 0.000000 0.000000 0.000000 1.000000
0.999309 -0.037098 -0.002329 0.000000 0.037118 0.992576 0.115826 9.226300 -0.001985 -0.115832 0.993267 1.577100 0.000000 0.000000 0.000000 1.000000
0.996832 -0.050729 0.061260 0.000000 0.044911 0.994665 0.092871 9.226300 -0.065645 -0.089826 0.993792 1.577100 0.000000 0.000000 0.000000 1.000000
0.989871 -0.088150 0.111284 0.000000 0.078988 0.993312 0.084219 9.226300 -0.117964 -0.074576 0.990214 1.577100 0.000000 0.000000 0.000000 1.000000
0.981556 -0.116400 0.151653 0.000000 0.106164 0.991594 0.073957 9.226300 -0.158987 -0.056493 0.985663 1.577100 0.000000 0.000000 0.000000 1.000000
0.976843 -0.114883 0.180500 0.000000 0.106614 0.992784 0.054894 9.226300 -0.185504 -0.034378 0.982042 1.577100 0.000000 0.000000 0.000000 1.000000
0.972027 -0.113132 0.205825 -0.000000 0.108148 0.993506 0.035343 9.226300 -0.208487 -0.012094 0.977950 1.577100 0.000000 0.000000 0.000000 1.000000
0.960570 -0.123215 0.249244 0.000000 0.122780 0.992282 0.017355 9.226300 -0.249459 0.013932 0.968285 1.577100 0.000000 0.000000 0.000000 1.000000
0.952426 -0.128460 0.276373 -0.000000 0.136547 0.990582 -0.010134 9.226300 -0.272468 0.047390 0.960997 1.577100 0.000000 0.000000 0.000000 1.000000
0.961010 -0.117917 0.250110 0.000000 0.135521 0.989285 -0.054310 9.226300 -0.241026 0.086087 0.966693 1.577100 0.000000 0.000000 0.000000 1.000000
0.974005 -0.097529 0.204459 0.000000 0.119790 0.987804 -0.099463 9.226300 -0.192265 0.121370 0.973809 1.577100 0.000000 0.000000 0.000000 1.000000
0.984752 -0.073269 0.157783 0.000000 0.095569 0.985707 -0.138736 9.226300 -0.145363 0.151700 0.977679 1.577100 0.000000 0.000000 0.000000 1.000000
0.993917 -0.045309 0.100378 0.000000 0.062372 0.982771 -0.173988 9.226300 -0.090765 0.179190 0.979619 1.577100 0.000000 0.000000 0.000000 1.000000
0.998670 -0.017460 0.048502 -0.000000 0.026604 0.980476 -0.194831 9.226300 -0.044154 0.195863 0.979637 1.577100 0.000000 0.000000 0.000000 1.000000
0.999805 0.001776 0.019691 0.000000 0.002072 0.981064 -0.193671 9.226300 -0.019662 0.193674 0.980869 1.577100 0.000000 0.000000 0.000000 1.000000
0.999901 0.011375 0.008263 0.000000 -0.009731 0.984131 -0.177179 9.226300 -0.010147 0.177081 0.984144 1.577100 0.000000 0.000000 0.000000 1.000000
0.999935 0.011279 0.001544 0.000000 -0.010912 0.988246 -0.152484 9.226300 -0.003245 0.152458 0.988305 1.577100 0.000000 0.000000 0.000000 1.000000
0.999993 0.003683 -0.000461 0.000000 -0.003712 0.991833 -0.127489 9.226300 -0.000013 0.127490 0.991840 1.577100 0.000000 0.000000 0.000000 1.000000
0.999915 -0.003663 0.012474 0.000000 0.004998 0.994057 -0.108747 9.226300 -0.012002 0.108800 0.993991 1.577100 0.000000 0.000000 0.000000 1.000000
0.999538 -0.009168 0.028964 0.000000 0.011754 0.995835 -0.090413 9.226300 -0.028014 0.090712 0.995483 1.577100 0.000000 0.000000 0.000000 1.000000
0.999619 -0.009884 0.025790 0.000000 0.011741 0.997271 -0.072888 9.226300 -0.024999 0.073163 0.997007 1.577100 0.000000 0.000000 0.000000 1.000000
0.999811 -0.018047 0.007184 0.000000 0.018439 0.998091 -0.058939 9.226300 -0.006106 0.059061 0.998236 1.577100 0.000000 0.000000 0.000000 1.000000
0.999396 -0.032013 -0.013500 0.000000 0.031328 0.998344 -0.048254 9.226300 0.015022 0.047802 0.998744 1.577100 0.000000 0.000000 0.000000 1.000000
0.998644 -0.040753 -0.032380 0.000000 0.039393 0.998358 -0.041594 9.226300 0.034022 0.040262 0.998610 1.577100 0.000000 0.000000 0.000000 1.000000
0.997982 -0.040262 -0.049110 0.000000 0.038490 0.998592 -0.036507 9.226300 0.050511 0.034543 0.998126 1.577100 0.000000 0.000000 0.000000 1.000000
0.997233 -0.041197 -0.061879 0.000000 0.039315 0.998736 -0.031319 9.226300 0.063091 0.028800 0.997592 1.577100 0.000000 0.000000 0.000000 1.000000
0.996366 -0.048555 -0.069982 -0.000000 0.046820 0.998559 -0.026215 9.226300 0.071154 0.022843 0.997204 1.577100 0.000000 0.000000 0.000000 1.000000
0.995522 -0.056878 -0.075510 0.000000 0.055465 0.998247 -0.020676 9.226300 0.076554 0.016395 0.996931 1.577100 0.000000 0.000000 0.000000 1.000000
0.994492 -0.065490 -0.081829 0.000000 0.064457 0.997805 -0.015208 9.226300 0.082645 0.009850 0.996530 1.577100 0.000000 0.000000 0.000000 1.000000
0.993327 -0.072846 -0.089411 -0.000000 0.072247 0.997337 -0.009927 9.226300 0.089897 0.003401 0.995945 1.577100 0.000000 0.000000 0.000000 1.000000
0.992499 -0.077682 -0.094404 0.000000 0.077557 0.996975 -0.005000 9.226300 0.094507 -0.002359 0.995521 1.577100 0.000000 0.000000 0.000000 1.000000
0.992213 -0.080166 -0.095320 0.000000 0.080319 0.996767 -0.002239 9.226300 0.095191 -0.005434 0.995444 1.577100 0.000000 0.000000 0.000000 1.000000
0.992200 -0.081052 -0.094713 0.000000 0.081266 0.996691 -0.001608 9.226300 0.094530 -0.006101 0.995503 1.577100 0.000000 0.000000 0.000000 1.000000
0.992154 -0.083037 -0.093467 -0.000000 0.083216 0.996530 -0.001982 9.226300 0.093307 -0.005811 0.995620 1.577100 0.000000 0.000000 0.000000 1.000000
0.992006 -0.086455 -0.091923 -0.000000 0.086575 0.996242 -0.002683 9.226300 0.091810 -0.005297 0.995763 1.577100 0.000000 0.000000 0.000000 1.000000
0.991985 -0.089063 -0.089624 0.000000 0.089126 0.996015 -0.003311 9.226300 0.089562 -0.004703 0.995970 1.577100 0.000000 0.000000 0.000000 1.000000
0.992142 -0.091010 -0.085857 0.000000 0.090993 0.995843 -0.004125 9.226300 0.085876 -0.003720 0.996299 1.577100 0.000000 0.000000 0.000000 1.000000
0.992323 -0.093170 -0.081334 0.000000 0.093026 0.995648 -0.005562 9.226300 0.081499 -0.002047 0.996671 1.577100 0.000000 0.000000 0.000000 1.000000
0.992557 -0.093951 -0.077491 0.000000 0.093759 0.995576 -0.006120 9.226300 0.077723 -0.001191 0.996974 1.577100 0.000000 0.000000 0.000000 1.000000
0.992996 -0.091750 -0.074432 0.000000 0.091608 0.995781 -0.005328 9.226300 0.074606 -0.001528 0.997212 1.577100 0.000000 0.000000 0.000000 1.000000
0.993232 -0.090469 -0.072838 -0.000000 0.090251 0.995899 -0.006280 9.226300 0.073108 -0.000336 0.997324 1.577100 0.000000 0.000000 0.000000 1.000000
0.993294 -0.091543 -0.070623 -0.000000 0.091100 0.995797 -0.009465 9.226300 0.071192 0.002968 0.997458 1.577100 0.000000 0.000000 0.000000 1.000000
0.993860 -0.089930 -0.064464 0.000000 0.089250 0.995920 -0.013356 9.226300 0.065402 0.007521 0.997831 1.577100 0.000000 0.000000 0.000000 1.000000
0.994774 -0.085191 -0.056276 -0.000000 0.084350 0.996288 -0.017164 9.226300 0.057529 0.012327 0.998268 1.577100 0.000000 0.000000 0.000000 1.000000
0.995497 -0.081961 -0.047632 0.000000 0.081004 0.996478 -0.021688 9.226300 0.049242 0.017732 0.998629 1.577100 0.000000 0.000000 0.000000 1.000000
0.996010 -0.080187 -0.039155 0.000000 0.079177 0.996503 -0.026707 9.226300 0.041160 0.023500 0.998876 1.577100 0.000000 0.000000 0.000000 1.000000
0.996607 -0.076071 -0.031425 0.000000 0.075081 0.996678 -0.031560 9.226300 0.033722 0.029093 0.999008 1.577100 0.000000 0.000000 0.000000 1.000000
0.997182 -0.070001 -0.026994 0.000000 0.069007 0.996961 -0.036138 9.226300 0.029441 0.034173 0.998982 1.577100 0.000000 0.000000 0.000000 1.000000
0.997661 -0.063261 -0.025896 -0.000000 0.062190 0.997252 -0.040258 9.226300 0.028372 0.038553 0.998854 1.577100 0.000000 0.000000 0.000000 1.000000
0.998005 -0.058003 -0.024920 0.000000 0.056871 0.997414 -0.043940 9.226300 0.027404 0.042435 0.998723 1.577100 0.000000 0.000000 0.000000 1.000000
0.998299 -0.053958 -0.022079 -0.000000 0.052920 0.997575 -0.045197 9.226300 0.024464 0.043952 0.998734 1.577100 0.000000 0.000000 0.000000 1.000000
0.998812 -0.045904 -0.016375 0.000000 0.045160 0.998044 -0.043224 9.226300 0.018327 0.042433 0.998931 1.577100 0.000000 0.000000 0.000000 1.000000
0.999170 -0.038749 -0.012583 0.000000 0.038183 0.998367 -0.042492 9.226300 0.014209 0.041976 0.999018 1.577100 0.000000 0.000000 0.000000 1.000000
0.999378 -0.033923 -0.009605 0.000000 0.033494 0.998564 -0.041818 9.226300 0.011010 0.041470 0.999079 1.577100 0.000000 0.000000 0.000000 1.000000</float_array><technique_common><accessor source="#Zombie_Spine-Matrix-animation-output-transform-array" count="80" stride="16"><param type="float4x4"/></accessor></technique_common></source><source id="Zombie_Spine-Interpolations"><Name_array id="Zombie_Spine-Interpolations-array" count="80">
 LINEAR LINEAR LINEAR LINEAR LINEAR LINEAR LINEAR LINEAR LINEAR LINEAR LINEAR
LINEAR LINEAR LINEAR LINEAR LINEAR LINEAR LINEAR LINEAR LINEAR LINEAR LINEAR LINEAR
LINEAR LINEAR LINEAR LINEAR LINEAR LINEAR LINEAR LINEAR LINEAR LINEAR LINEAR LINEAR
LINEAR LINEAR LINEAR LINEAR LINEAR LINEAR LINEAR LINEAR LINEAR LINEAR LINEAR LINEAR
LINEAR LINEAR LINEAR LINEAR LINEAR LINEAR LINEAR LINEAR LINEAR LINEAR LINEAR LINEAR
LINEAR LINEAR LINEAR LINEAR LINEAR LINEAR LINEAR LINEAR LINEAR LINEAR LINEAR LINEAR
LINEAR LINEAR LINEAR LINEAR LINEAR LINEAR LINEAR LINEAR LINEAR</Name_array><technique_common><accessor source="#Zombie_Spine-Interpolations-array" count="80"><param type="name"/></accessor></technique_common></source><sampler id="Zombie_Spine-Matrix-animation-transform"><input semantic="INPUT" source="#Zombie_Spine-Matrix-animation-input"/><input semantic="OUTPUT" source="#Zombie_Spine-Matrix-animation-output-transform"/><input semantic="INTERPOLATION" source="#Zombie_Spine-Interpolations"/></sampler><channel source="#Zombie_Spine-Matrix-animation-transform" target="Zombie_Spine/matrix"/></animation>
    <animation id="Zombie_Spine1-anim" name="Zombie_Spine1"><source id="Zombie_Spine1-Matrix-animation-input"><float_array id="Zombie_Spine1-Matrix-animation-input-array" count="80">

0.000000 0.033333 0.066667 0.100000 0.133333 0.166667 0.200000 0.233333 0.266667 0.300000 0.333333 0.366667 0.400000 0.433333 0.466667 0.500000
0.533333 0.566667 0.600000 0.633333 0.666667 0.700000 0.733333 0.766667 0.800000 0.833333 0.866667 0.900000 0.933333 0.966667 1.000000 1.033333
1.066667 1.100000 1.133333 1.166667 1.200000 1.233333 1.266667 1.300000 1.333333 1.366667 1.400000 1.433333 1.466667 1.500000 1.533333 1.566667
1.600000 1.633333 1.666667 1.700000 1.733333 1.766667 1.800000 1.833333 1.866667 1.900000 1.933333 1.966667 2.000000 2.033333 2.066667 2.100000
2.133333 2.166667 2.200000 2.233333 2.266667 2.300000 2.333333 2.366667 2.400000 2.433333 2.466667 2.500000 2.533333 2.566667 2.600000 2.633333</float_array><technique_common><accessor source="#Zombie_Spine1-Matrix-animation-input-array" count="80"><param name="TIME" type="float"/></accessor></technique_common></source><source id="Zombie_Spine1-Matrix-animation-output-transform"><float_array id="Zombie_Spine1-Matrix-animation-output-transform-array" count="1280">

0.999458 -0.025778 -0.020474 0.000000 0.022904 0.991252 -0.129983 16.254000 0.023645 0.129444 0.991305 -0.165600 0.000000 0.000000 0.000000 1.000000
0.999571 -0.023883 -0.016942 0.000000 0.021529 0.991588 -0.127630 16.254000 0.019847 0.127211 0.991677 -0.165600 0.000000 0.000000 0.000000 1.000000
0.999693 -0.021976 -0.011434 0.000000 0.020389 0.992064 -0.124071 16.254000 0.014070 0.123800 0.992207 -0.165600 0.000000 0.000000 0.000000 1.000000
0.999778 -0.020636 -0.004311 -0.000000 0.019974 0.992654 -0.119325 16.254000 0.006742 0.119213 0.992846 -0.165600 0.000000 0.000000 0.000000 1.000000
0.999753 -0.022219 0.000262 0.000000 0.022107 0.993394 -0.112603 16.254000 0.002241 0.112581 0.993640 -0.165600 0.000000 0.000000 0.000000 1.000000
0.999599 -0.028319 -0.000903 0.000000 0.028077 0.994348 -0.102385 16.254000 0.003798 0.102319 0.994744 -0.165600 0.000000 0.000000 0.000000 1.000000
0.999413 -0.034210 -0.001839 0.000000 0.033919 0.995600 -0.087345 16.254000 0.004819 0.087231 0.996176 -0.165600 0.000000 0.000000 0.000000 1.000000
0.999202 -0.039602 -0.005226 0.000000 0.039118 0.996585 -0.072726 16.254000 0.008088 0.072464 0.997338 -0.165600 0.000000 0.000000 0.000000 1.000000
0.998507 -0.050018 -0.021940 -0.000000 0.048631 0.997028 -0.059757 16.254000 0.024864 0.058600 0.997972 -0.165600 0.000000 0.000000 0.000000 1.000000
0.996840 -0.065272 -0.045278 0.000000 0.063296 0.997033 -0.043795 16.254000 0.048003 0.040790 0.998014 -0.165600 0.000000 0.000000 0.000000 1.000000
0.993784 -0.084187 -0.072840 -0.000000 0.082589 0.996278 -0.024692 16.254000 0.074648 0.018523 0.997038 -0.165600 0.000000 0.000000 0.000000 1.000000
0.990413 -0.097985 -0.097369 0.000000 0.097415 0.995187 -0.010609 16.254000 0.097939 0.001022 0.995192 -0.165600 0.000000 0.000000 0.000000 1.000000
0.987881 -0.106565 -0.112847 0.000000 0.107145 0.994243 -0.000926 16.254000 0.112296 -0.011176 0.993612 -0.165600 0.000000 0.000000 0.000000 1.000000
0.985706 -0.112233 -0.125645 -0.000000 0.113288 0.993561 0.001260 16.254000 0.124694 -0.015476 0.992074 -0.165600 0.000000 0.000000 0.000000 1.000000
0.982908 -0.119801 -0.139784 -0.000000 0.120838 0.992672 -0.001073 16.254000 0.138888 -0.015837 0.990182 -0.165600 0.000000 0.000000 0.000000 1.000000
0.979912 -0.128643 -0.152391 0.000000 0.129366 0.991583 -0.005200 16.254000 0.151777 -0.014618 0.988307 -0.165600 0.000000 0.000000 0.000000 1.000000
0.977399 -0.132447 -0.164767 -0.000000 0.132950 0.991090 -0.008022 16.254000 0.164362 -0.014065 0.986300 -0.165600 0.000000 0.000000 0.000000 1.000000
0.975443 -0.132775 -0.175730 -0.000000 0.133089 0.991053 -0.010052 16.254000 0.175492 -0.013582 0.984387 -0.165600 0.000000 0.000000 0.000000 1.000000
0.974109 -0.135606 -0.180895 -0.000000 0.135604 0.990685 -0.012440 16.254000 0.180897 -0.012412 0.983424 -0.165600 0.000000 0.000000 0.000000 1.000000
0.973579 -0.138950 -0.181211 -0.000000 0.138767 0.990230 -0.013749 16.254000 0.181351 -0.011760 0.983348 -0.165600 0.000000 0.000000 0.000000 1.000000
0.973552 -0.140157 -0.180425 0.000000 0.140166 0.990046 -0.012760 16.254000 0.180418 -0.012867 0.983506 -0.165600 0.000000 0.000000 0.000000 1.000000
0.973793 -0.140050 -0.179200 0.000000 0.140721 0.990008 -0.009023 16.254000 0.178673 -0.016431 0.983771 -0.165600 0.000000 0.000000 0.000000 1.000000
0.974597 -0.135688 -0.178181 -0.000000 0.137569 0.990491 -0.001816 16.254000 0.176733 -0.022742 0.983996 -0.165600 0.000000 0.000000 0.000000 1.000000
0.976663 -0.124702 -0.174869 0.000000 0.127706 0.991794 0.005988 16.254000 0.172687 -0.028181 0.984573 -0.165600 0.000000 0.000000 0.000000 1.000000
0.982004 -0.106304 -0.156103 0.000000 0.109378 0.993937 0.011208 16.254000 0.153965 -0.028081 0.987677 -0.165600 0.000000 0.000000 0.000000 1.000000
0.989602 -0.079641 -0.119775 0.000000 0.081776 0.996566 0.013006 16.254000 0.118328 -0.022666 0.992716 -0.165600 0.000000 0.000000 0.000000 1.000000
0.995987 -0.052176 -0.072712 0.000000 0.052519 0.998616 0.002816 16.254000 0.072465 -0.006624 0.997349 -0.165600 0.000000 0.000000 0.000000 1.000000
0.999128 -0.037579 -0.018175 -0.000000 0.037222 0.999115 -0.019586 16.254000 0.018895 0.018893 0.999643 -0.165600 0.000000 0.000000 0.000000 1.000000
0.998501 -0.043993 0.032550 0.000000 0.045175 0.998311 -0.036517 16.254000 -0.030889 0.037933 0.998803 -0.165600 0.000000 0.000000 0.000000 1.000000
0.995273 -0.063753 0.073255 0.000000 0.066730 0.997011 -0.038944 16.254000 -0.070553 0.043648 0.996553 -0.165600 0.000000 0.000000 0.000000 1.000000
0.991797 -0.073269 0.104741 0.000000 0.077994 0.996080 -0.041740 16.254000 -0.101273 0.049567 0.993623 -0.165600 0.000000 0.000000 0.000000 1.000000
0.990362 -0.061170 0.124266 0.000000 0.068368 0.996170 -0.054505 16.254000 -0.120456 0.062475 0.990751 -0.165600 0.000000 0.000000 0.000000 1.000000
0.988644 -0.052433 0.140831 0.000000 0.063155 0.995347 -0.072775 16.254000 -0.136360 0.080843 0.987355 -0.165600 0.000000 0.000000 0.000000 1.000000
0.983551 -0.053682 0.172467 0.000000 0.070632 0.993092 -0.093694 16.254000 -0.166246 0.104334 0.980549 -0.165600 0.000000 0.000000 0.000000 1.000000
0.979915 -0.054716 0.191762 0.000000 0.078898 0.989533 -0.120832 16.254000 -0.183143 0.133535 0.973975 -0.165600 0.000000 0.000000 0.000000 1.000000
0.984416 -0.047522 0.169313 -0.000000 0.074131 0.985210 -0.154484 16.254000 -0.159468 0.164628 0.973380 -0.165600 0.000000 0.000000 0.000000 1.000000
0.990606 -0.034745 0.132261 -0.000000 0.059054 0.981041 -0.184583 16.254000 -0.123340 0.190659 0.973877 -0.165600 0.000000 0.000000 0.000000 1.000000
0.995254 -0.019477 0.095340 0.000000 0.039242 0.976898 -0.210073 16.254000 -0.089046 0.212818 0.973026 -0.165600 0.000000 0.000000 0.000000 1.000000
0.998691 -0.002210 0.051110 -0.000000 0.014153 0.972006 -0.234528 16.254000 -0.049161 0.234944 0.970765 -0.165600 0.000000 0.000000 0.000000 1.000000
0.999817 0.014232 0.012756 0.000000 -0.010573 0.967887 -0.251165 16.254000 -0.015921 0.250984 0.967860 -0.165600 0.000000 0.000000 0.000000 1.000000
0.999663 0.024844 -0.007523 0.000000 -0.025939 0.967168 -0.252810 16.254000 0.000995 0.252920 0.967487 -0.165600 0.000000 0.000000 0.000000 1.000000
0.999490 0.028299 -0.014791 0.000000 -0.031044 0.969609 -0.242682 16.254000 0.007474 0.243018 0.969993 -0.165600 0.000000 0.000000 0.000000 1.000000
0.999507 0.024852 -0.019202 -0.000000 -0.028550 0.973754 -0.225806 16.254000 0.013086 0.226243 0.973983 -0.165600 0.000000 0.000000 0.000000 1.000000
0.999633 0.017048 -0.021034 0.000000 -0.021059 0.977830 -0.208338 16.254000 0.017016 0.208705 0.977831 -0.165600 0.000000 0.000000 0.000000 1.000000
0.999882 0.010302 -0.011378 0.000000 -0.012315 0.980903 -0.194105 16.254000 0.009161 0.194223 0.980915 -0.165600 0.000000 0.000000 0.000000 1.000000
0.999986 0.005095 0.001699 -0.000000 -0.004712 0.984058 -0.177783 16.254000 -0.002578 0.177773 0.984068 -0.165600 0.000000 0.000000 0.000000 1.000000
0.999999 -0.000173 0.001250 0.000000 0.000374 0.986598 -0.163169 16.254000 -0.001205 0.163169 0.986597 -0.165600 0.000000 0.000000 0.000000 1.000000
0.999893 -0.008742 -0.011744 0.000000 0.006845 0.988225 -0.152853 16.254000 0.012942 0.152757 0.988179 -0.165600 0.000000 0.000000 0.000000 1.000000
0.999451 -0.018974 -0.027170 0.000000 0.014867 0.989453 -0.144089 16.254000 0.029617 0.143605 0.989192 -0.165600 0.000000 0.000000 0.000000 1.000000
0.998823 -0.026287 -0.040759 -0.000000 0.020417 0.990183 -0.138278 16.254000 0.043994 0.137283 0.989554 -0.165600 0.000000 0.000000 0.000000 1.000000
0.998203 -0.029980 -0.051891 0.000000 0.022775 0.990687 -0.134243 16.254000 0.055433 0.132820 0.989589 -0.165600 0.000000 0.000000 0.000000 1.000000
0.997591 -0.034485 -0.060196 0.000000 0.026424 0.991173 -0.129915 16.254000 0.064144 0.128011 0.989696 -0.165600 0.000000 0.000000 0.000000 1.000000
0.997024 -0.040482 -0.065613 0.000000 0.032042 0.991649 -0.124926 16.254000 0.070123 0.122452 0.989994 -0.165600 0.000000 0.000000 0.000000 1.000000
0.996530 -0.046203 -0.069239 0.000000 0.037699 0.992124 -0.119451 16.254000 0.074213 0.116427 0.990423 -0.165600 0.000000 0.000000 0.000000 1.000000
0.995927 -0.052329 -0.073421 0.000000 0.043719 0.992480 -0.114332 16.254000 0.078852 0.110656 0.990726 -0.165600 0.000000 0.000000 0.000000 1.000000
0.995210 -0.058117 -0.078613 0.000000 0.049308 0.992740 -0.109705 16.254000 0.084418 0.105303 0.990851 -0.165600 0.000000 0.000000 0.000000 1.000000
0.994682 -0.062395 -0.081947 -0.000000 0.053580 0.992956 -0.105680 16.254000 0.087963 0.100728 0.991018 -0.165600 0.000000 0.000000 0.000000 1.000000
0.994493 -0.065016 -0.082198 0.000000 0.056346 0.993008 -0.103728 16.254000 0.088368 0.098525 0.991203 -0.165600 0.000000 0.000000 0.000000 1.000000
0.994452 -0.066732 -0.081317 0.000000 0.058162 0.992922 -0.103556 16.254000 0.087652 0.098252 0.991294 -0.165600 0.000000 0.000000 0.000000 1.000000
0.994431 -0.068478 -0.080115 0.000000 0.060000 0.992783 -0.103836 16.254000 0.086647 0.098451 0.991363 -0.165600 0.000000 0.000000 0.000000 1.000000
0.994408 -0.070167 -0.078925 -0.000000 0.061778 0.992643 -0.104128 16.254000 0.085651 0.098670 0.991427 -0.165600 0.000000 0.000000 0.000000 1.000000
0.994441 -0.071644 -0.077168 -0.000000 0.063396 0.992504 -0.104487 16.254000 0.084075 0.099014 0.991528 -0.165600 0.000000 0.000000 0.000000 1.000000
